scenario,seed,week,network_type,nodes,edges,connected_nodes,isolates,components,density_full_population,average_degree_full_population,mean_degree_population,mean_degree_connected_subgraph,average_clustering,transitivity,degree_assortativity,gcc_nodes,gcc_edges,gcc_share_of_connected_nodes,gcc_diameter,gcc_radius,gcc_average_shortest_path,gcc_clustering,gcc_transitivity,market_assortativity,cluster_assortativity,same_cluster_edge_share,activity_tier_assortativity,mean_abs_baseline_rate_diff_on_edges,mean_degree_low_frequency,mean_degree_moderate_frequency,mean_degree_high_frequency,coattending_dyads,dyads_exactly_two_shared_classes,familiar_dyads,near_social_dyads_four_or_five,active_social_dyads,social_dyads_with_coordinated_class,share_familiar_of_coattending,share_social_of_coattending,latent_pairs_one_encounter_from_familiarity,latent_familiar_one_encounter_from_social,latent_repeated_co_not_social_dyads,latent_riders_with_co_but_no_social_tie,latent_cross_cluster_familiarity_ties
baseline,6400,1,familiarity,0,0,0,0,0,0.0,0.0,0.0,0.0,0.0,0.0,,0,0,0.0,,,,0.0,0.0,,,,,,,,,,,,,,,,,,,,,
baseline,6400,1,social,0,0,0,0,0,0.0,0.0,0.0,0.0,0.0,0.0,,0,0,0.0,,,,0.0,0.0,,,,,,,,,,,,,,,,,,,,,
baseline,6400,4,familiarity,2,1,2,0,1,1.0,1.0,1.0,1.0,0.0,0.0,,2,1,1.0,1.0,1.0,1.0,0.0,0.0,,,1.0,,112.24954205185792,,,1.0,,,,,,,,,,,,,
baseline,6400,4,social,0,0,0,0,0,0.0,0.0,0.0,0.0,0.0,0.0,,0,0,0.0,,,,0.0,0.0,,,,,,,,,,,,,,,,,,,,,
baseline,6400,8,familiarity,18,9,18,0,9,0.058823529411764705,1.0,1.0,1.0,0.0,0.0,,2,1,0.1111111111111111,1.0,1.0,1.0,0.0,0.0,1.0,1.0,1.0,,64.8767900659537,,,1.0,,,,,,,,,,,,,
baseline,6400,8,social,0,0,0,0,0,0.0,0.0,0.0,0.0,0.0,0.0,,0,0,0.0,,,,0.0,0.0,,,,,,,,,,,,,,,,,,,,,
baseline,6400,13,familiarity,63,39,63,0,24,0.019969278033794162,1.2380952380952381,1.2380952380952381,1.2380952380952381,0.0,0.0,-0.4111842105263171,4,3,0.06349206349206349,2.0,1.0,1.5,0.0,0.0,1.0,0.9446022727272727,0.9487179487179487,,72.30035972207624,,,1.2380952380952381,10845.0,239.0,39.0,10.0,0.0,0.0,0.0035961272475795295,0.0,239.0,2.0,278.0,6107.0,2.0
baseline,6400,13,social,0,0,0,0,0,0.0,0.0,0.0,0.0,0.0,0.0,,0,0,0.0,,,,0.0,0.0,,,,,,,,,,,,,,,,,,,,,
baseline,6400,26,familiarity,182,150,182,0,44,0.00910691518426325,1.6483516483516483,1.6483516483516483,1.6483516483516483,0.04400837257980115,0.12442396313364056,-0.12832199585339502,12,13,0.06593406593406594,5.0,3.0,2.696969696969697,0.15555555555555556,0.2222222222222222,1.0,0.9363612793739836,0.94,-0.0033444816053563677,76.19720652816493,,1.0,1.6519337016574585,21248.0,763.0,150.0,35.0,7.0,20.0,0.007059487951807229,0.0003294427710843373,763.0,18.0,906.0,7596.0,9.0
baseline,6400,26,social,14,7,14,0,7,0.07692307692307693,1.0,1.0,1.0,0.0,0.0,,2,1,0.14285714285714285,1.0,1.0,1.0,0.0,0.0,1.0000000000000002,1.0000000000000002,1.0,,71.13758757904512,,,1.0,,,,,,,,,,,,,
baseline,6400,39,familiarity,364,350,364,0,61,0.005297732570459843,1.9230769230769231,1.9230769230769231,1.9230769230769231,0.062207237207237205,0.10776361529548088,-0.20151389800207323,38,43,0.1043956043956044,10.0,5.0,4.327169274537695,0.05651629072681704,0.05357142857142857,1.0,0.9399087471403004,0.9428571428571428,-0.005747126436776949,76.59167886580498,,1.0,1.9333333333333333,,,,,,,,,,,,,
baseline,6400,39,social,32,19,32,0,13,0.038306451612903226,1.1875,1.1875,1.1875,0.0,0.0,-0.21276595744680946,4,3,0.125,3.0,2.0,1.6666666666666667,0.0,0.0,1.0,1.0,1.0,,61.234820248636865,,,1.1875,,,,,,,,,,,,,
baseline,6400,52,familiarity,522,612,522,0,43,0.004500628764312661,2.3448275862068964,2.3448275862068964,2.3448275862068964,0.10192752399479918,0.13695090439276486,-0.24725365686378814,60,82,0.11494252873563218,8.0,4.0,3.635593220338983,0.1317002442002442,0.13636363636363635,0.9999999999999998,0.9176840801526611,0.9215686274509803,-0.005043988269793312,73.97602190442646,1.0,1.0,2.363106796116505,40885.0,2179.0,612.0,152.0,39.0,369.0,0.01496881496881497,0.0009538950715421304,2179.0,76.0,2752.0,8754.0,48.0
baseline,6400,52,social,61,39,61,0,23,0.021311475409836064,1.278688524590164,1.278688524590164,1.278688524590164,0.04918032786885246,0.13636363636363635,-0.12360594795538982,7,6,0.11475409836065574,4.0,2.0,2.1904761904761907,0.0,0.0,1.0,1.0,1.0,,73.46786630984329,,,1.278688524590164,,,,,,,,,,,,,
baseline,6401,1,familiarity,0,0,0,0,0,0.0,0.0,0.0,0.0,0.0,0.0,,0,0,0.0,,,,0.0,0.0,,,,,,,,,,,,,,,,,,,,,
baseline,6401,1,social,0,0,0,0,0,0.0,0.0,0.0,0.0,0.0,0.0,,0,0,0.0,,,,0.0,0.0,,,,,,,,,,,,,,,,,,,,,
baseline,6401,4,familiarity,4,2,4,0,2,0.3333333333333333,1.0,1.0,1.0,0.0,0.0,,2,1,0.5,1.0,1.0,1.0,0.0,0.0,1.0,1.0,1.0,,107.37787935073973,,,1.0,,,,,,,,,,,,,
baseline,6401,4,social,0,0,0,0,0,0.0,0.0,0.0,0.0,0.0,0.0,,0,0,0.0,,,,0.0,0.0,,,,,,,,,,,,,,,,,,,,,
baseline,6401,8,familiarity,15,9,15,0,6,0.08571428571428572,1.2,1.2,1.2,0.0,0.0,-0.34042553191489366,4,3,0.26666666666666666,2.0,1.0,1.5,0.0,0.0,1.0,1.0,1.0,,76.18522939517781,,,1.2,,,,,,,,,,,,,
baseline,6401,8,social,0,0,0,0,0,0.0,0.0,0.0,0.0,0.0,0.0,,0,0,0.0,,,,0.0,0.0,,,,,,,,,,,,,,,,,,,,,
baseline,6401,13,familiarity,51,34,51,0,18,0.02666666666666667,1.3333333333333333,1.3333333333333333,1.3333333333333333,0.04248366013071895,0.12,-0.06506024096385557,8,7,0.1568627450980392,4.0,2.0,2.357142857142857,0.0,0.0,1.0,0.966353290450272,0.9705882352941176,,76.2552850021567,,,1.3333333333333333,10897.0,224.0,34.0,4.0,1.0,2.0,0.0031201248049922,9.176837661741764e-05,224.0,0.0,257.0,6093.0,1.0
baseline,6401,13,social,2,1,2,0,1,1.0,1.0,1.0,1.0,0.0,0.0,,2,1,1.0,1.0,1.0,1.0,0.0,0.0,,,1.0,,0.0,,,1.0,,,,,,,,,,,,,
baseline,6401,26,familiarity,159,134,159,0,38,0.010667940450601068,1.6855345911949686,1.6855345911949686,1.6855345911949686,0.03085255066387142,0.1085972850678733,-0.02198037619435342,17,22,0.1069182389937107,4.0,2.0,2.375,0.2003267973856209,0.2692307692307692,1.0,0.8709677419354839,0.8805970149253731,,73.91616184122077,,,1.6855345911949686,21416.0,714.0,134.0,35.0,4.0,32.0,0.006257004109077325,0.00018677624206200972,714.0,14.0,844.0,7614.0,16.0
baseline,6401,26,social,7,4,7,0,3,0.19047619047619047,1.1428571428571428,1.1428571428571428,1.1428571428571428,0.0,0.0,-0.3333333333333333,3,2,0.42857142857142855,2.0,1.0,1.3333333333333333,0.0,0.0,1.0,1.0,1.0,,23.79074652298577,,,1.1428571428571428,,,,,,,,,,,,,
baseline,6401,39,familiarity,327,321,327,0,53,0.006022401080655147,1.963302752293578,1.963302752293578,1.963302752293578,0.07471266416220544,0.14578833693304535,-0.1424013171379355,32,32,0.09785932721712538,13.0,7.0,5.346774193548387,0.042782738095238096,0.043478260869565216,1.0,0.8773632637046062,0.8847352024922118,-0.0015600624024793388,79.88417405819943,,1.0,1.9662576687116564,,,,,,,,,,,,,
baseline,6401,39,social,22,14,22,0,9,0.06060606060606061,1.2727272727272727,1.2727272727272727,1.2727272727272727,0.13636363636363635,0.42857142857142855,0.23076923076923053,5,4,0.22727272727272727,3.0,2.0,1.8,0.0,0.0,1.0000000000000002,0.9111111111111113,0.9285714285714286,,51.22261892236963,,,1.2727272727272727,,,,,,,,,,,,,
baseline,6401,52,familiarity,501,567,501,0,59,0.004526946107784431,2.2634730538922154,2.2634730538922154,2.2634730538922154,0.12241378603654053,0.15526315789473685,-0.2080836993136357,50,71,0.0998003992015968,6.0,3.0,2.9983673469387755,0.21065079365079367,0.14831460674157304,1.0,0.8956808000696516,0.9012345679012346,-0.0008826125330698873,77.8465659545823,,1.0,2.266,40869.0,2172.0,567.0,159.0,28.0,315.0,0.013873596124201719,0.00068511585798527,2172.0,84.0,2711.0,8758.0,56.0
baseline,6401,52,social,40,28,40,0,15,0.035897435897435895,1.4,1.4,1.4,0.12083333333333332,0.36,0.22437673130193878,6,7,0.15,3.0,2.0,1.6,0.4444444444444444,0.42857142857142855,1.0,0.9584877687175685,0.9642857142857143,,55.746594083949965,,,1.4,,,,,,,,,,,,,
baseline,6402,1,familiarity,0,0,0,0,0,0.0,0.0,0.0,0.0,0.0,0.0,,0,0,0.0,,,,0.0,0.0,,,,,,,,,,,,,,,,,,,,,
baseline,6402,1,social,0,0,0,0,0,0.0,0.0,0.0,0.0,0.0,0.0,,0,0,0.0,,,,0.0,0.0,,,,,,,,,,,,,,,,,,,,,
baseline,6402,4,familiarity,4,2,4,0,2,0.3333333333333333,1.0,1.0,1.0,0.0,0.0,,2,1,0.5,1.0,1.0,1.0,0.0,0.0,1.0,1.0,1.0,,41.60076840642958,,,1.0,,,,,,,,,,,,,
baseline,6402,4,social,0,0,0,0,0,0.0,0.0,0.0,0.0,0.0,0.0,,0,0,0.0,,,,0.0,0.0,,,,,,,,,,,,,,,,,,,,,
baseline,6402,8,familiarity,21,13,21,0,8,0.06190476190476191,1.2380952380952381,1.2380952380952381,1.2380952380952381,0.0,0.0,-0.26020408163265246,5,4,0.23809523809523808,2.0,1.0,1.6,0.0,0.0,1.0,1.0,1.0,,53.28139474677304,,,1.2380952380952381,,,,,,,,,,,,,
baseline,6402,8,social,0,0,0,0,0,0.0,0.0,0.0,0.0,0.0,0.0,,0,0,0.0,,,,0.0,0.0,,,,,,,,,,,,,,,,,,,,,
baseline,6402,13,familiarity,39,28,39,0,12,0.037786774628879895,1.435897435897436,1.435897435897436,1.435897435897436,0.032478632478632474,0.11538461538461539,0.04234527687296437,10,10,0.2564102564102564,5.0,3.0,2.466666666666667,0.12666666666666665,0.15789473684210525,1.0000000000000002,1.0,1.0,,73.8633617574383,,,1.435897435897436,10978.0,259.0,28.0,5.0,2.0,3.0,0.0025505556567680817,0.00018218254691200583,259.0,4.0,285.0,6023.0,0.0
baseline,6402,13,social,4,2,4,0,2,0.3333333333333333,1.0,1.0,1.0,0.0,0.0,,2,1,0.5,1.0,1.0,1.0,0.0,0.0,1.0,1.0,1.0,,6.7569281439928375,,,1.0,,,,,,,,,,,,,
baseline,6402,26,familiarity,178,155,178,0,43,0.009839395670665906,1.7415730337078652,1.7415730337078652,1.7415730337078652,0.06690743713215623,0.18620689655172415,0.014349599488918452,17,17,0.09550561797752809,5.0,3.0,2.698529411764706,0.023529411764705882,0.06976744186046512,1.0,0.9234413237242091,0.9290322580645162,,80.53662774224073,,,1.7415730337078652,21605.0,768.0,155.0,40.0,7.0,37.0,0.0071742652163850965,0.00032399907428835915,768.0,22.0,916.0,7551.0,11.0
baseline,6402,26,social,11,7,11,0,4,0.12727272727272726,1.2727272727272727,1.2727272727272727,1.2727272727272727,0.0,0.0,-0.166666666666666,4,3,0.36363636363636365,3.0,2.0,1.6666666666666667,0.0,0.0,0.9999999999999997,1.0,1.0,,50.54696425362788,,,1.2727272727272727,,,,,,,,,,,,,
baseline,6402,39,familiarity,346,348,346,0,57,0.00583061070620759,2.0115606936416186,2.0115606936416186,2.0115606936416186,0.07201578126433618,0.16105263157894736,-0.07065966772233678,36,40,0.10404624277456648,8.0,4.0,3.653968253968254,0.05570987654320988,0.08633093525179857,1.0,0.9050936922670891,0.9109195402298851,-0.002881844380383024,80.14118044590153,,1.0,2.0174418604651163,,,,,,,,,,,,,
baseline,6402,39,social,31,21,31,0,12,0.04516129032258064,1.3548387096774193,1.3548387096774193,1.3548387096774193,0.046236559139784944,0.16666666666666666,0.15662650602409606,7,8,0.22580645161290322,3.0,2.0,1.7142857142857142,0.20476190476190476,0.1875,1.0000000000000002,1.0,1.0,,66.12305926261249,,,1.3548387096774193,,,,,,,,,,,,,
baseline,6402,52,familiarity,501,586,501,0,52,0.004678642714570858,2.3393213572854292,2.3393213572854292,2.3393213572854292,0.10267843710957483,0.17444933920704847,-0.10083855200374885,78,91,0.15568862275449102,11.0,6.0,4.747918747918748,0.06907814407814408,0.10989010989010989,0.9999999999999999,0.8895202478732199,0.8959044368600683,-0.0034246575342492583,79.59725768172872,,1.0,2.3501006036217302,41497.0,2223.0,586.0,142.0,40.0,385.0,0.014121502759235608,0.0009639251030194954,2223.0,58.0,2769.0,8715.0,61.0
baseline,6402,52,social,53,40,53,0,16,0.02902757619738752,1.509433962264151,1.509433962264151,1.509433962264151,0.04402515723270441,0.13333333333333333,0.03734439834024899,9,11,0.16981132075471697,3.0,2.0,1.8333333333333333,0.2592592592592593,0.20689655172413793,1.0,0.942112879884226,0.95,,63.227195183936615,,,1.509433962264151,,,,,,,,,,,,,
baseline,6403,1,familiarity,0,0,0,0,0,0.0,0.0,0.0,0.0,0.0,0.0,,0,0,0.0,,,,0.0,0.0,,,,,,,,,,,,,,,,,,,,,
baseline,6403,1,social,0,0,0,0,0,0.0,0.0,0.0,0.0,0.0,0.0,,0,0,0.0,,,,0.0,0.0,,,,,,,,,,,,,,,,,,,,,
baseline,6403,4,familiarity,8,4,8,0,4,0.14285714285714285,1.0,1.0,1.0,0.0,0.0,,2,1,0.25,1.0,1.0,1.0,0.0,0.0,1.0,1.0,1.0,,23.685414419759447,,,1.0,,,,,,,,,,,,,
baseline,6403,4,social,0,0,0,0,0,0.0,0.0,0.0,0.0,0.0,0.0,,0,0,0.0,,,,0.0,0.0,,,,,,,,,,,,,,,,,,,,,
baseline,6403,8,familiarity,25,16,25,0,9,0.05333333333333334,1.28,1.28,1.28,0.0,0.0,-0.015873015873015872,5,4,0.2,4.0,2.0,2.0,0.0,0.0,1.0,1.0,1.0,,57.718541931186174,,,1.28,,,,,,,,,,,,,
baseline,6403,8,social,0,0,0,0,0,0.0,0.0,0.0,0.0,0.0,0.0,,0,0,0.0,,,,0.0,0.0,,,,,,,,,,,,,,,,,,,,,
baseline,6403,13,familiarity,59,40,59,0,21,0.023378141437755698,1.3559322033898304,1.3559322033898304,1.3559322033898304,0.0423728813559322,0.2,0.17333333333333253,6,5,0.1016949152542373,3.0,2.0,1.9333333333333333,0.0,0.0,1.0000000000000002,1.0,1.0,,72.35708603475821,,,1.3559322033898304,11031.0,248.0,40.0,9.0,4.0,9.0,0.003626144501858399,0.0003626144501858399,248.0,2.0,284.0,6124.0,0.0
baseline,6403,13,social,7,4,7,0,3,0.19047619047619047,1.1428571428571428,1.1428571428571428,1.1428571428571428,0.0,0.0,-0.3333333333333333,3,2,0.42857142857142855,2.0,1.0,1.3333333333333333,0.0,0.0,1.0,1.0,1.0,,32.80215225709283,,,1.1428571428571428,,,,,,,,,,,,,
baseline,6403,26,familiarity,201,173,201,0,49,0.008606965174129353,1.7213930348258706,1.7213930348258706,1.7213930348258706,0.09225696912264077,0.17117117117117117,-0.07093210838596768,18,18,0.08955223880597014,4.0,2.0,2.4444444444444446,0.05943562610229277,0.043478260869565216,1.0000000000000002,0.9380083849930126,0.9421965317919075,-0.0028985507246365645,78.65225497352219,,1.0,1.725,21499.0,762.0,173.0,34.0,11.0,76.0,0.008046885901669845,0.0005116517047304526,762.0,12.0,924.0,7551.0,10.0
baseline,6403,26,social,18,11,18,0,8,0.0718954248366013,1.2222222222222223,1.2222222222222223,1.2222222222222223,0.16666666666666666,0.75,0.6071428571428574,3,2,0.16666666666666666,2.0,1.0,1.3333333333333333,0.0,0.0,1.0,1.0,1.0,,27.08051497755365,,,1.2222222222222223,,,,,,,,,,,,,
baseline,6403,39,familiarity,339,344,339,0,56,0.006004433506135344,2.0294985250737465,2.0294985250737465,2.0294985250737465,0.08416465540359346,0.1908237747653806,-0.05779596992403677,22,38,0.06489675516224189,4.0,2.0,2.3333333333333335,0.24776006821461366,0.3829787234042553,1.0,0.9135131252272841,0.9186046511627907,-0.0029154518950390415,76.88487655655638,,1.0,2.035608308605341,,,,,,,,,,,,,
baseline,6403,39,social,26,19,26,0,9,0.05846153846153846,1.4615384615384615,1.4615384615384615,1.4615384615384615,0.20512820512820512,0.46153846153846156,0.15555555555555436,4,3,0.15384615384615385,3.0,2.0,1.6666666666666667,0.0,0.0,1.0,1.0,1.0,,48.91510676313612,,,1.4615384615384615,,,,,,,,,,,,,
baseline,6403,52,familiarity,460,574,460,0,45,0.005437150705692905,2.4956521739130433,2.4956521739130433,2.4956521739130433,0.14712103114277025,0.20095693779904306,-0.14981097194819415,39,47,0.08478260869565217,7.0,4.0,3.263157894736842,0.11721611721611722,0.1276595744680851,1.0,0.898522680518412,0.9041811846689896,-0.0026200873362413235,76.84533360009536,,1.0,2.5054704595185995,41511.0,2196.0,574.0,162.0,35.0,469.0,0.0138276601382766,0.0008431500084315,2196.0,96.0,2735.0,8771.0,55.0
baseline,6403,52,social,42,35,42,0,12,0.04065040650406504,1.6666666666666667,1.6666666666666667,1.6666666666666667,0.20238095238095238,0.38461538461538464,-0.042183622828784906,6,6,0.14285714285714285,3.0,2.0,1.8,0.3611111111111111,0.3333333333333333,1.0,1.0,1.0,,53.497911064199975,,,1.6666666666666667,,,,,,,,,,,,,
baseline,6404,1,familiarity,0,0,0,0,0,0.0,0.0,0.0,0.0,0.0,0.0,,0,0,0.0,,,,0.0,0.0,,,,,,,,,,,,,,,,,,,,,
baseline,6404,1,social,0,0,0,0,0,0.0,0.0,0.0,0.0,0.0,0.0,,0,0,0.0,,,,0.0,0.0,,,,,,,,,,,,,,,,,,,,,
baseline,6404,4,familiarity,4,2,4,0,2,0.3333333333333333,1.0,1.0,1.0,0.0,0.0,,2,1,0.5,1.0,1.0,1.0,0.0,0.0,1.0,1.0,1.0,,97.7763573154367,,,1.0,,,,,,,,,,,,,
baseline,6404,4,social,0,0,0,0,0,0.0,0.0,0.0,0.0,0.0,0.0,,0,0,0.0,,,,0.0,0.0,,,,,,,,,,,,,,,,,,,,,
baseline,6404,8,familiarity,13,7,13,0,6,0.08974358974358974,1.0769230769230769,1.0769230769230769,1.0769230769230769,0.0,0.0,-0.16666666666666768,3,2,0.23076923076923078,2.0,1.0,1.3333333333333333,0.0,0.0,1.0,0.8313253012048195,0.8571428571428571,,65.72736641946639,,,1.0769230769230769,,,,,,,,,,,,,
baseline,6404,8,social,0,0,0,0,0,0.0,0.0,0.0,0.0,0.0,0.0,,0,0,0.0,,,,0.0,0.0,,,,,,,,,,,,,,,,,,,,,
baseline,6404,13,familiarity,48,28,48,0,20,0.024822695035460994,1.1666666666666667,1.1666666666666667,1.1666666666666667,0.0,0.0,-0.07074569789674945,6,5,0.125,3.0,2.0,1.8666666666666667,0.0,0.0,1.0,0.9213483146067416,0.9285714285714286,,70.82886869169964,,,1.1666666666666667,11365.0,275.0,28.0,4.0,1.0,0.0,0.0024637043554773426,8.798944126704795e-05,275.0,2.0,302.0,6135.0,2.0
baseline,6404,13,social,2,1,2,0,1,1.0,1.0,1.0,1.0,0.0,0.0,,2,1,1.0,1.0,1.0,1.0,0.0,0.0,,,1.0,,113.98772295680985,,,1.0,,,,,,,,,,,,,
baseline,6404,26,familiarity,181,145,181,0,45,0.008901166359729895,1.6022099447513811,1.6022099447513811,1.6022099447513811,0.03993685872138911,0.09137055837563451,-0.07551903428716883,18,20,0.09944751381215469,7.0,4.0,3.4640522875816995,0.14708994708994708,0.1276595744680851,1.0,0.9122497352362702,0.9172413793103448,-0.0034602076124568594,71.56178809296611,,1.0,1.6055555555555556,22154.0,855.0,145.0,31.0,7.0,44.0,0.006545093436851133,0.00031597002798591675,855.0,14.0,993.0,7668.0,12.0
baseline,6404,26,social,12,7,12,0,5,0.10606060606060606,1.1666666666666667,1.1666666666666667,1.1666666666666667,0.0,0.0,-0.27272727272727265,4,3,0.3333333333333333,2.0,1.0,1.5,0.0,0.0,1.0,1.0,1.0,,55.504068662893935,,,1.1666666666666667,,,,,,,,,,,,,
baseline,6404,39,familiarity,335,338,335,0,51,0.006041648047189204,2.017910447761194,2.017910447761194,2.017910447761194,0.09397536128879412,0.16121495327102803,-0.16780443946743645,33,35,0.09850746268656717,9.0,5.0,3.774621212121212,0.0,0.0,1.0,0.9004798424754902,0.9053254437869822,-0.0014814814814946766,75.81669833715738,,1.0,2.0209580838323356,,,,,,,,,,,,,
baseline,6404,39,social,26,16,26,0,10,0.04923076923076923,1.2307692307692308,1.2307692307692308,1.2307692307692308,0.0,0.0,-0.15315315315315314,5,4,0.19230769230769232,3.0,2.0,1.8,0.0,0.0,1.0,1.0,1.0,,59.283155855362914,,,1.2307692307692308,,,,,,,,,,,,,
baseline,6404,52,familiarity,524,590,524,0,55,0.004305752193014464,2.2519083969465647,2.2519083969465647,2.2519083969465647,0.08922959991662283,0.14213709677419356,-0.19608620154804146,48,64,0.0916030534351145,8.0,4.0,3.8147163120567376,0.08599837662337662,0.07792207792207792,1.0,0.8845303834133241,0.8898305084745762,-0.0025488530161368217,74.49636543301538,,1.0,2.259117082533589,42107.0,2372.0,590.0,151.0,33.0,386.0,0.014011922008217161,0.0007837176716460446,2372.0,72.0,2929.0,8742.0,65.0
baseline,6404,52,social,50,33,50,0,19,0.026938775510204082,1.32,1.32,1.32,0.04666666666666666,0.2727272727272727,0.2941176470588245,6,7,0.12,3.0,2.0,1.6666666666666667,0.38888888888888884,0.46153846153846156,1.0,1.0,1.0,,59.15539515411575,,,1.32,,,,,,,,,,,,,
baseline,6405,1,familiarity,0,0,0,0,0,0.0,0.0,0.0,0.0,0.0,0.0,,0,0,0.0,,,,0.0,0.0,,,,,,,,,,,,,,,,,,,,,
baseline,6405,1,social,0,0,0,0,0,0.0,0.0,0.0,0.0,0.0,0.0,,0,0,0.0,,,,0.0,0.0,,,,,,,,,,,,,,,,,,,,,
baseline,6405,4,familiarity,2,1,2,0,1,1.0,1.0,1.0,1.0,0.0,0.0,,2,1,1.0,1.0,1.0,1.0,0.0,0.0,,,1.0,,87.62096833425647,,,1.0,,,,,,,,,,,,,
baseline,6405,4,social,0,0,0,0,0,0.0,0.0,0.0,0.0,0.0,0.0,,0,0,0.0,,,,0.0,0.0,,,,,,,,,,,,,,,,,,,,,
baseline,6405,8,familiarity,22,13,22,0,9,0.05627705627705628,1.1818181818181819,1.1818181818181819,1.1818181818181819,0.0,0.0,-0.31645569620253167,4,3,0.18181818181818182,2.0,1.0,1.5,0.0,0.0,1.0000000000000002,1.0,1.0,,67.48209276176354,,,1.1818181818181819,,,,,,,,,,,,,
baseline,6405,8,social,2,1,2,0,1,1.0,1.0,1.0,1.0,0.0,0.0,,2,1,1.0,1.0,1.0,1.0,0.0,0.0,,,1.0,,87.62096833425647,,,1.0,,,,,,,,,,,,,
baseline,6405,13,familiarity,60,39,60,0,22,0.022033898305084745,1.3,1.3,1.3,0.0,0.0,-0.2042755344418056,5,5,0.08333333333333333,3.0,2.0,1.6,0.0,0.0,1.0,0.9143170999633833,0.9230769230769231,,69.34941298939228,,,1.3,11070.0,322.0,39.0,6.0,2.0,10.0,0.0035230352303523035,0.0001806684733514002,322.0,2.0,359.0,6138.0,3.0
baseline,6405,13,social,4,2,4,0,2,0.3333333333333333,1.0,1.0,1.0,0.0,0.0,,2,1,0.5,1.0,1.0,1.0,0.0,0.0,1.0,1.0,1.0,,46.25539834588193,,,1.0,,,,,,,,,,,,,
baseline,6405,26,familiarity,184,175,184,0,32,0.010394392967450702,1.9021739130434783,1.9021739130434783,1.9021739130434783,0.07314527260179435,0.1111111111111111,-0.15964774609817786,21,32,0.11413043478260869,4.0,2.0,2.3142857142857145,0.07717309145880574,0.08888888888888889,1.0,0.9320160336211617,0.9371428571428572,-0.002865329512911234,82.92448757603216,,1.0,1.907103825136612,21412.0,849.0,175.0,48.0,11.0,49.0,0.008172987110031758,0.0005137306183448534,849.0,16.0,1013.0,7629.0,11.0
baseline,6405,26,social,19,11,19,0,8,0.06432748538011696,1.1578947368421053,1.1578947368421053,1.1578947368421053,0.0,0.0,-0.37499999999999983,3,2,0.15789473684210525,2.0,1.0,1.3333333333333333,0.0,0.0,1.0,1.0,1.0,,48.56442813669721,,,1.1578947368421053,,,,,,,,,,,,,
baseline,6405,39,familiarity,341,370,341,0,43,0.006382611695704675,2.1700879765395893,2.1700879765395893,2.1700879765395893,0.09652286455805517,0.16981132075471697,-0.19485148468705302,30,32,0.08797653958944282,8.0,4.0,3.7471264367816093,0.08343915343915344,0.05714285714285714,1.0,0.9106882146597471,0.9162162162162162,-0.004070556309365022,86.53796733408743,,1.0,2.1804733727810652,,,,,,,,,,,,,
baseline,6405,39,social,43,27,43,0,17,0.029900332225913623,1.255813953488372,1.255813953488372,1.255813953488372,0.06976744186046512,0.21428571428571427,-0.1739130434782611,5,4,0.11627906976744186,2.0,1.0,1.6,0.0,0.0,1.0,0.9145569620253163,0.9259259259259259,,57.542133263086896,,,1.255813953488372,,,,,,,,,,,,,
baseline,6405,52,familiarity,515,624,515,0,44,0.004714593328548223,2.4233009708737865,2.4233009708737865,2.4233009708737865,0.11417381336855922,0.17955897794889744,-0.2186659325420601,42,54,0.08155339805825243,6.0,3.0,2.975609756097561,0.11876013031475217,0.08108108108108109,1.0,0.8929831438651509,0.8990384615384616,-0.00483091787439636,84.66261271717173,,1.0,2.4400785854616895,40921.0,2366.0,624.0,167.0,47.0,593.0,0.015248894210796412,0.0011485545319029349,2366.0,110.0,2943.0,8786.0,63.0
baseline,6405,52,social,69,47,69,0,23,0.020034100596760442,1.3623188405797102,1.3623188405797102,1.3623188405797102,0.03381642512077295,0.09375,-0.22761194029850687,7,7,0.10144927536231885,4.0,2.0,2.142857142857143,0.33333333333333337,0.3333333333333333,0.9999999999999999,0.9537173806006892,0.9574468085106383,,59.45177059051952,,,1.3623188405797102,,,,,,,,,,,,,
baseline,6406,1,familiarity,0,0,0,0,0,0.0,0.0,0.0,0.0,0.0,0.0,,0,0,0.0,,,,0.0,0.0,,,,,,,,,,,,,,,,,,,,,
baseline,6406,1,social,0,0,0,0,0,0.0,0.0,0.0,0.0,0.0,0.0,,0,0,0.0,,,,0.0,0.0,,,,,,,,,,,,,,,,,,,,,
baseline,6406,4,familiarity,2,1,2,0,1,1.0,1.0,1.0,1.0,0.0,0.0,,2,1,1.0,1.0,1.0,1.0,0.0,0.0,,,1.0,,43.103884149116084,,,1.0,,,,,,,,,,,,,
baseline,6406,4,social,0,0,0,0,0,0.0,0.0,0.0,0.0,0.0,0.0,,0,0,0.0,,,,0.0,0.0,,,,,,,,,,,,,,,,,,,,,
baseline,6406,8,familiarity,8,4,8,0,4,0.14285714285714285,1.0,1.0,1.0,0.0,0.0,,2,1,0.25,1.0,1.0,1.0,0.0,0.0,1.0,1.0,1.0,,78.69479532784413,,,1.0,,,,,,,,,,,,,
baseline,6406,8,social,0,0,0,0,0,0.0,0.0,0.0,0.0,0.0,0.0,,0,0,0.0,,,,0.0,0.0,,,,,,,,,,,,,,,,,,,,,
baseline,6406,13,familiarity,39,23,39,0,16,0.0310391363022942,1.1794871794871795,1.1794871794871795,1.1794871794871795,0.0,0.0,0.02645502645502633,5,4,0.1282051282051282,3.0,2.0,1.8,0.0,0.0,1.0,0.9039665970772442,0.9130434782608695,,83.36885041830222,,,1.1794871794871795,10717.0,231.0,23.0,4.0,0.0,0.0,0.0021461229821778485,0.0,231.0,4.0,254.0,6046.0,2.0
baseline,6406,13,social,0,0,0,0,0,0.0,0.0,0.0,0.0,0.0,0.0,,0,0,0.0,,,,0.0,0.0,,,,,,,,,,,,,,,,,,,,,
baseline,6406,26,familiarity,153,119,153,0,39,0.01023391812865497,1.5555555555555556,1.5555555555555556,1.5555555555555556,0.03470276999688764,0.09146341463414634,-0.17824415537973284,15,14,0.09803921568627451,8.0,4.0,3.7904761904761903,0.0,0.0,1.0,0.9370179948586118,0.9411764705882353,-0.012765957446811187,89.13654142109633,,1.0,1.5666666666666667,20814.0,729.0,119.0,33.0,6.0,29.0,0.005717305659652157,0.0002882675122513693,729.0,12.0,842.0,7584.0,7.0
baseline,6406,26,social,11,6,11,0,5,0.10909090909090909,1.0909090909090908,1.0909090909090908,1.0909090909090908,0.0,0.0,-0.2000000000000022,3,2,0.2727272727272727,2.0,1.0,1.3333333333333333,0.0,0.0,1.0,1.0,1.0,,53.45174418911106,,,1.0909090909090908,,,,,,,,,,,,,
baseline,6406,39,familiarity,294,267,294,0,58,0.0061990666573796755,1.816326530612245,1.816326530612245,1.816326530612245,0.06245532623083644,0.1282442748091603,-0.17777141588473813,22,34,0.07482993197278912,4.0,3.0,2.354978354978355,0.22075298438934804,0.2608695652173913,1.0,0.9443327525354062,0.947565543071161,-0.01136363636363307,87.16013454100796,,1.0,1.8333333333333333,,,,,,,,,,,,,
baseline,6406,39,social,23,16,23,0,8,0.06324110671936758,1.391304347826087,1.391304347826087,1.391304347826087,0.10144927536231885,0.3,-0.18518518518518517,4,4,0.17391304347826086,2.0,1.0,1.3333333333333333,0.5833333333333334,0.6,1.0,1.0,1.0,,64.62096498994084,,,1.391304347826087,,,,,,,,,,,,,
baseline,6406,52,familiarity,479,502,479,0,66,0.004385007119085263,2.096033402922756,2.096033402922756,2.096033402922756,0.07068163664626885,0.13752122241086587,-0.16165551547528662,35,39,0.07306889352818371,6.0,3.0,3.176470588235294,0.12775716347144916,0.057692307692307696,1.0000000000000002,0.9305130565907944,0.9342629482071713,-0.008032128514056254,80.64577125249384,,1.0,2.1146496815286624,39943.0,2121.0,502.0,139.0,26.0,344.0,0.012567909270710763,0.0006509275717898004,2121.0,58.0,2597.0,8758.0,33.0
baseline,6406,52,social,36,26,36,0,11,0.04126984126984127,1.4444444444444444,1.4444444444444444,1.4444444444444444,0.06481481481481483,0.15,-0.38425925925925963,5,5,0.1388888888888889,3.0,2.0,1.7,0.4666666666666667,0.5,1.0,0.9564853556485358,0.9615384615384616,,76.61040522463955,,,1.4444444444444444,,,,,,,,,,,,,
baseline,6407,1,familiarity,0,0,0,0,0,0.0,0.0,0.0,0.0,0.0,0.0,,0,0,0.0,,,,0.0,0.0,,,,,,,,,,,,,,,,,,,,,
baseline,6407,1,social,0,0,0,0,0,0.0,0.0,0.0,0.0,0.0,0.0,,0,0,0.0,,,,0.0,0.0,,,,,,,,,,,,,,,,,,,,,
baseline,6407,4,familiarity,6,3,6,0,3,0.2,1.0,1.0,1.0,0.0,0.0,,2,1,0.3333333333333333,1.0,1.0,1.0,0.0,0.0,1.0,1.0,1.0,,129.9180186728672,,,1.0,,,,,,,,,,,,,
baseline,6407,4,social,0,0,0,0,0,0.0,0.0,0.0,0.0,0.0,0.0,,0,0,0.0,,,,0.0,0.0,,,,,,,,,,,,,,,,,,,,,
baseline,6407,8,familiarity,18,10,18,0,8,0.06535947712418301,1.1111111111111112,1.1111111111111112,1.1111111111111112,0.0,0.0,-0.2500000000000021,3,2,0.16666666666666666,2.0,1.0,1.3333333333333333,0.0,0.0,1.0000000000000002,1.0,1.0,,87.97560217860196,,,1.1111111111111112,,,,,,,,,,,,,
baseline,6407,8,social,0,0,0,0,0,0.0,0.0,0.0,0.0,0.0,0.0,,0,0,0.0,,,,0.0,0.0,,,,,,,,,,,,,,,,,,,,,
baseline,6407,13,familiarity,47,30,47,0,17,0.027752081406105456,1.2765957446808511,1.2765957446808511,1.2765957446808511,0.0,0.0,-0.40740740740740733,5,4,0.10638297872340426,3.0,2.0,1.8,0.0,0.0,1.0000000000000002,0.9264705882352942,0.9333333333333333,,80.78853412682464,,,1.2765957446808511,11017.0,246.0,30.0,6.0,1.0,1.0,0.002723064355087592,9.076881183625306e-05,246.0,0.0,275.0,6105.0,2.0
baseline,6407,13,social,2,1,2,0,1,1.0,1.0,1.0,1.0,0.0,0.0,,2,1,1.0,1.0,1.0,1.0,0.0,0.0,,,1.0,,80.45536169208003,,,1.0,,,,,,,,,,,,,
baseline,6407,26,familiarity,172,131,172,0,48,0.008907928736570108,1.5232558139534884,1.5232558139534884,1.5232558139534884,0.04501661129568106,0.08571428571428572,-0.07171746883847498,24,27,0.13953488372093023,6.0,3.0,3.028985507246377,0.07539682539682539,0.08450704225352113,1.0,0.9420152391792341,0.9465648854961832,-0.0038314176245267226,80.84416754726455,,1.0,1.5263157894736843,21137.0,787.0,131.0,28.0,7.0,24.0,0.006197662866064248,0.00033117282490419646,787.0,8.0,911.0,7551.0,7.0
baseline,6407,26,social,12,7,12,0,5,0.10606060606060606,1.1666666666666667,1.1666666666666667,1.1666666666666667,0.0,0.0,-0.4000000000000027,3,2,0.25,2.0,1.0,1.3333333333333333,0.0,0.0,1.0,1.0,1.0,,108.48274705744628,,,1.1666666666666667,,,,,,,,,,,,,
baseline,6407,39,familiarity,330,321,330,0,54,0.005913235700469743,1.9454545454545455,1.9454545454545455,1.9454545454545455,0.06295093795093795,0.11668757841907151,-0.09844346718404982,31,51,0.09393939393939393,5.0,3.0,2.6623655913978497,0.13602150537634408,0.15853658536585366,1.0,0.9267214543643384,0.9314641744548287,-0.007849293563574056,81.0347851444342,,1.0,1.96,,,,,,,,,,,,,
baseline,6407,39,social,23,14,23,0,9,0.05533596837944664,1.2173913043478262,1.2173913043478262,1.2173913043478262,0.0,0.0,-0.08888888888888863,5,4,0.21739130434782608,3.0,2.0,1.8,0.0,0.0,1.0,1.0,1.0,,67.75826916059162,,,1.2173913043478262,,,,,,,,,,,,,
baseline,6407,52,familiarity,483,561,483,0,42,0.004819463415891343,2.3229813664596275,2.3229813664596275,2.3229813664596275,0.10754970614305653,0.16773874319643742,-0.07651963702637349,50,67,0.10351966873706005,8.0,4.0,3.6375510204081634,0.12611111111111112,0.16666666666666666,1.0,0.9164924388511113,0.9215686274509803,-0.007181328545779083,76.08022969689497,,1.0,2.345263157894737,40369.0,2246.0,561.0,156.0,28.0,312.0,0.013896802001535832,0.000693601525923357,2246.0,80.0,2779.0,8766.0,44.0
baseline,6407,52,social,46,28,46,0,18,0.02705314009661836,1.2173913043478262,1.2173913043478262,1.2173913043478262,0.0,0.0,-0.002237136465325265,6,5,0.13043478260869565,3.0,2.0,1.9333333333333333,0.0,0.0,0.9999999999999998,0.9198855507868385,0.9285714285714286,,70.30073008433466,,,1.2173913043478262,,,,,,,,,,,,,
baseline,6408,1,familiarity,0,0,0,0,0,0.0,0.0,0.0,0.0,0.0,0.0,,0,0,0.0,,,,0.0,0.0,,,,,,,,,,,,,,,,,,,,,
baseline,6408,1,social,0,0,0,0,0,0.0,0.0,0.0,0.0,0.0,0.0,,0,0,0.0,,,,0.0,0.0,,,,,,,,,,,,,,,,,,,,,
baseline,6408,4,familiarity,4,2,4,0,2,0.3333333333333333,1.0,1.0,1.0,0.0,0.0,,2,1,0.5,1.0,1.0,1.0,0.0,0.0,1.0,1.0,1.0,,56.14668687625978,,,1.0,,,,,,,,,,,,,
baseline,6408,4,social,0,0,0,0,0,0.0,0.0,0.0,0.0,0.0,0.0,,0,0,0.0,,,,0.0,0.0,,,,,,,,,,,,,,,,,,,,,
baseline,6408,8,familiarity,20,11,20,0,9,0.05789473684210526,1.1,1.1,1.1,0.0,0.0,-0.2222222222222209,3,2,0.15,2.0,1.0,1.3333333333333333,0.0,0.0,1.0,1.0,1.0,,63.015742774681186,,,1.1,,,,,,,,,,,,,
baseline,6408,8,social,0,0,0,0,0,0.0,0.0,0.0,0.0,0.0,0.0,,0,0,0.0,,,,0.0,0.0,,,,,,,,,,,,,,,,,,,,,
baseline,6408,13,familiarity,68,42,68,0,26,0.018437225636523266,1.2352941176470589,1.2352941176470589,1.2352941176470589,0.0,0.0,-0.183868169991327,6,5,0.08823529411764706,3.0,2.0,1.8666666666666667,0.0,0.0,1.0,0.9741776821395636,0.9761904761904762,,73.75032652873271,,,1.2352941176470589,11176.0,294.0,42.0,12.0,1.0,0.0,0.0037580529706513956,8.947745168217609e-05,294.0,4.0,335.0,6104.0,1.0
baseline,6408,13,social,2,1,2,0,1,1.0,1.0,1.0,1.0,0.0,0.0,,2,1,1.0,1.0,1.0,1.0,0.0,0.0,,,1.0,,43.1702152696942,,,1.0,,,,,,,,,,,,,
baseline,6408,26,familiarity,233,200,233,0,50,0.007399733609590055,1.7167381974248928,1.7167381974248928,1.7167381974248928,0.05627086313781592,0.096,-0.12719776888565554,20,22,0.08583690987124463,4.0,2.0,2.5736842105263156,0.07281746031746031,0.0821917808219178,1.0,0.9200937566588535,0.925,-0.002506265664176859,74.66215725031635,,1.0,1.7198275862068966,21935.0,870.0,200.0,51.0,7.0,32.0,0.009117848187827673,0.0003191246865739685,870.0,34.0,1063.0,7653.0,15.0
baseline,6408,26,social,13,7,13,0,6,0.08974358974358974,1.0769230769230769,1.0769230769230769,1.0769230769230769,0.0,0.0,-0.16666666666666768,3,2,0.23076923076923078,2.0,1.0,1.3333333333333333,0.0,0.0,1.0000000000000002,1.0000000000000002,1.0,,55.047296615070614,,,1.0769230769230769,,,,,,,,,,,,,
baseline,6408,39,familiarity,392,434,392,0,44,0.00566313481914505,2.2142857142857144,2.2142857142857144,2.2142857142857144,0.07759290029698193,0.12807525325615052,-0.15782119486084292,41,60,0.10459183673469388,7.0,4.0,3.4353658536585368,0.09858691444057298,0.13761467889908258,1.0,0.8976463949103958,0.9032258064516129,-0.0046296296296315905,74.14667903075582,,1.0,2.2268041237113403,,,,,,,,,,,,,
baseline,6408,39,social,43,26,43,0,17,0.028792912513842746,1.2093023255813953,1.2093023255813953,1.2093023255813953,0.0,0.0,-0.3109243697478973,4,3,0.09302325581395349,3.0,2.0,1.6666666666666667,0.0,0.0,1.0,1.0,1.0,,66.99088087167821,,,1.2093023255813953,,,,,,,,,,,,,
baseline,6408,52,familiarity,567,717,567,0,36,0.004468375493110475,2.5291005291005293,2.5291005291005293,2.5291005291005293,0.10921205611976657,0.14966634890371783,-0.2091626206563492,88,102,0.15520282186948853,15.0,8.0,6.297021943573668,0.03706709956709957,0.10344827586206896,0.9999999999999998,0.8971994584486318,0.902370990237099,-0.004905395935533534,78.73728286858521,,1.0,2.5482142857142858,42064.0,2429.0,717.0,198.0,53.0,525.0,0.017045454545454544,0.0012599847850893876,2429.0,112.0,3093.0,8784.0,70.0
baseline,6408,52,social,78,53,78,0,25,0.017649017649017648,1.358974358974359,1.358974358974359,1.358974358974359,0.0,0.0,-0.22237521514629902,8,7,0.10256410256410256,3.0,2.0,2.0714285714285716,0.0,0.0,1.0,0.9796818094690435,0.9811320754716981,,62.36748164042658,,,1.358974358974359,,,,,,,,,,,,,
baseline,6409,1,familiarity,0,0,0,0,0,0.0,0.0,0.0,0.0,0.0,0.0,,0,0,0.0,,,,0.0,0.0,,,,,,,,,,,,,,,,,,,,,
baseline,6409,1,social,0,0,0,0,0,0.0,0.0,0.0,0.0,0.0,0.0,,0,0,0.0,,,,0.0,0.0,,,,,,,,,,,,,,,,,,,,,
baseline,6409,4,familiarity,2,1,2,0,1,1.0,1.0,1.0,1.0,0.0,0.0,,2,1,1.0,1.0,1.0,1.0,0.0,0.0,,,1.0,,126.16690341866095,,,1.0,,,,,,,,,,,,,
baseline,6409,4,social,0,0,0,0,0,0.0,0.0,0.0,0.0,0.0,0.0,,0,0,0.0,,,,0.0,0.0,,,,,,,,,,,,,,,,,,,,,
baseline,6409,8,familiarity,22,12,22,0,10,0.05194805194805195,1.0909090909090908,1.0909090909090908,1.0909090909090908,0.0,0.0,-0.2000000000000022,3,2,0.13636363636363635,2.0,1.0,1.3333333333333333,0.0,0.0,1.0,0.9043824701195219,0.9166666666666666,,94.96254871411196,,,1.0909090909090908,,,,,,,,,,,,,
baseline,6409,8,social,0,0,0,0,0,0.0,0.0,0.0,0.0,0.0,0.0,,0,0,0.0,,,,0.0,0.0,,,,,,,,,,,,,,,,,,,,,
baseline,6409,13,familiarity,49,33,49,0,18,0.02806122448979592,1.346938775510204,1.346938775510204,1.346938775510204,0.04489795918367347,0.2222222222222222,0.18992248062015515,8,9,0.16326530612244897,4.0,2.0,2.0,0.275,0.3333333333333333,1.0,0.8960629921259844,0.9090909090909091,,83.08173106714614,,,1.346938775510204,11103.0,261.0,33.0,7.0,0.0,0.0,0.0029721696838692245,0.0,261.0,4.0,294.0,6144.0,3.0
baseline,6409,13,social,0,0,0,0,0,0.0,0.0,0.0,0.0,0.0,0.0,,0,0,0.0,,,,0.0,0.0,,,,,,,,,,,,,,,,,,,,,
baseline,6409,26,familiarity,184,159,184,0,41,0.009444048467569494,1.7282608695652173,1.7282608695652173,1.7282608695652173,0.05164768806073154,0.11612903225806452,-0.06499839245525664,20,28,0.10869565217391304,5.0,3.0,2.4947368421052634,0.22503968253968254,0.17475728155339806,1.0,0.9111884506316061,0.9182389937106918,-0.012738853503185283,79.27170027437009,,1.0,1.7444444444444445,21729.0,734.0,159.0,37.0,3.0,11.0,0.007317409913019467,0.00013806433798149937,734.0,32.0,890.0,7652.0,13.0
baseline,6409,26,social,6,3,6,0,3,0.2,1.0,1.0,1.0,0.0,0.0,,2,1,0.3333333333333333,1.0,1.0,1.0,0.0,0.0,1.0,1.0,1.0,,56.40236714262576,,,1.0,,,,,,,,,,,,,
baseline,6409,39,familiarity,318,325,318,0,51,0.006448028887169415,2.0440251572327046,2.0440251572327046,2.0440251572327046,0.0874701643569568,0.1585244267198405,-0.11248912837506246,26,44,0.08176100628930817,4.0,2.0,2.4492307692307693,0.24276834276834278,0.2832618025751073,1.0,0.9242063210407309,0.9292307692307692,-0.007751937984495898,75.21566938632488,,1.0,2.060702875399361,,,,,,,,,,,,,
baseline,6409,39,social,21,13,21,0,8,0.06190476190476191,1.2380952380952381,1.2380952380952381,1.2380952380952381,0.0,0.0,-0.12345679012345777,5,4,0.23809523809523808,3.0,2.0,1.8,0.0,0.0,1.0,1.0,1.0,,74.79557942270456,,,1.2380952380952381,,,,,,,,,,,,,
baseline,6409,52,familiarity,450,527,450,0,54,0.005216530561742143,2.3422222222222224,2.3422222222222224,2.3422222222222224,0.11546088479421814,0.19378338999514327,-0.07139198478376908,60,63,0.13333333333333333,19.0,10.0,6.996045197740113,0.03333333333333333,0.05084745762711865,1.0,0.9132404007764374,0.9184060721062619,-0.007648183556405044,72.85340490300875,,1.0,2.3665158371040724,41942.0,2137.0,527.0,143.0,34.0,280.0,0.01256497067378761,0.0008106432692766201,2137.0,78.0,2630.0,8758.0,43.0
baseline,6409,52,social,46,34,46,0,13,0.03285024154589372,1.4782608695652173,1.4782608695652173,1.4782608695652173,0.02898550724637681,0.08333333333333333,-0.10569105691056911,10,9,0.21739130434782608,5.0,3.0,2.488888888888889,0.0,0.0,1.0,1.0,1.0,,80.99103428978209,,,1.4782608695652173,,,,,,,,,,,,,
high_coordination,6400,1,familiarity,0,0,0,0,0,0.0,0.0,0.0,0.0,0.0,0.0,,0,0,0.0,,,,0.0,0.0,,,,,,,,,,,,,,,,,,,,,
high_coordination,6400,1,social,0,0,0,0,0,0.0,0.0,0.0,0.0,0.0,0.0,,0,0,0.0,,,,0.0,0.0,,,,,,,,,,,,,,,,,,,,,
high_coordination,6400,4,familiarity,2,1,2,0,1,1.0,1.0,1.0,1.0,0.0,0.0,,2,1,1.0,1.0,1.0,1.0,0.0,0.0,,,1.0,,112.24954205185792,,,1.0,,,,,,,,,,,,,
high_coordination,6400,4,social,0,0,0,0,0,0.0,0.0,0.0,0.0,0.0,0.0,,0,0,0.0,,,,0.0,0.0,,,,,,,,,,,,,,,,,,,,,
high_coordination,6400,8,familiarity,18,9,18,0,9,0.058823529411764705,1.0,1.0,1.0,0.0,0.0,,2,1,0.1111111111111111,1.0,1.0,1.0,0.0,0.0,1.0,1.0,1.0,,64.8767900659537,,,1.0,,,,,,,,,,,,,
high_coordination,6400,8,social,0,0,0,0,0,0.0,0.0,0.0,0.0,0.0,0.0,,0,0,0.0,,,,0.0,0.0,,,,,,,,,,,,,,,,,,,,,
high_coordination,6400,13,familiarity,63,39,63,0,24,0.019969278033794162,1.2380952380952381,1.2380952380952381,1.2380952380952381,0.0,0.0,-0.4111842105263171,4,3,0.06349206349206349,2.0,1.0,1.5,0.0,0.0,1.0,0.9446022727272727,0.9487179487179487,,72.30035972207624,,,1.2380952380952381,10845.0,239.0,39.0,10.0,0.0,0.0,0.0035961272475795295,0.0,239.0,2.0,278.0,6107.0,2.0
high_coordination,6400,13,social,0,0,0,0,0,0.0,0.0,0.0,0.0,0.0,0.0,,0,0,0.0,,,,0.0,0.0,,,,,,,,,,,,,,,,,,,,,
high_coordination,6400,26,familiarity,182,150,182,0,44,0.00910691518426325,1.6483516483516483,1.6483516483516483,1.6483516483516483,0.04400837257980115,0.12442396313364056,-0.12832199585339502,12,13,0.06593406593406594,5.0,3.0,2.696969696969697,0.15555555555555556,0.2222222222222222,1.0,0.9363612793739836,0.94,-0.0033444816053563677,76.19720652816493,,1.0,1.6519337016574585,21248.0,763.0,150.0,35.0,7.0,20.0,0.007059487951807229,0.0003294427710843373,763.0,18.0,906.0,7596.0,9.0
high_coordination,6400,26,social,14,7,14,0,7,0.07692307692307693,1.0,1.0,1.0,0.0,0.0,,2,1,0.14285714285714285,1.0,1.0,1.0,0.0,0.0,1.0000000000000002,1.0000000000000002,1.0,,71.13758757904512,,,1.0,,,,,,,,,,,,,
high_coordination,6400,39,familiarity,364,350,364,0,61,0.005297732570459843,1.9230769230769231,1.9230769230769231,1.9230769230769231,0.062207237207237205,0.10776361529548088,-0.20151389800207323,38,43,0.1043956043956044,10.0,5.0,4.327169274537695,0.05651629072681704,0.05357142857142857,1.0,0.9399087471403004,0.9428571428571428,-0.005747126436776949,76.59167886580498,,1.0,1.9333333333333333,,,,,,,,,,,,,
high_coordination,6400,39,social,32,19,32,0,13,0.038306451612903226,1.1875,1.1875,1.1875,0.0,0.0,-0.21276595744680946,4,3,0.125,3.0,2.0,1.6666666666666667,0.0,0.0,1.0,1.0,1.0,,61.234820248636865,,,1.1875,,,,,,,,,,,,,
high_coordination,6400,52,familiarity,523,610,523,0,46,0.004468766254221519,2.332695984703633,2.332695984703633,2.332695984703633,0.10105103908950495,0.13720316622691292,-0.24387351171460628,58,80,0.11089866156787763,8.0,4.0,3.607985480943739,0.13636220101737342,0.14127423822714683,0.9999999999999999,0.9156938125632861,0.919672131147541,-0.0050606096269333175,74.00323837913398,1.0,1.0,2.35077519379845,40892.0,2166.0,610.0,153.0,39.0,370.0,0.014917343245622616,0.0009537317812775115,2166.0,76.0,2737.0,8752.0,49.0
high_coordination,6400,52,social,61,39,61,0,23,0.021311475409836064,1.278688524590164,1.278688524590164,1.278688524590164,0.04918032786885246,0.13636363636363635,-0.12360594795538982,7,6,0.11475409836065574,4.0,2.0,2.1904761904761907,0.0,0.0,1.0,1.0,1.0,,73.67883697862268,,,1.278688524590164,,,,,,,,,,,,,
high_coordination,6401,1,familiarity,0,0,0,0,0,0.0,0.0,0.0,0.0,0.0,0.0,,0,0,0.0,,,,0.0,0.0,,,,,,,,,,,,,,,,,,,,,
high_coordination,6401,1,social,0,0,0,0,0,0.0,0.0,0.0,0.0,0.0,0.0,,0,0,0.0,,,,0.0,0.0,,,,,,,,,,,,,,,,,,,,,
high_coordination,6401,4,familiarity,4,2,4,0,2,0.3333333333333333,1.0,1.0,1.0,0.0,0.0,,2,1,0.5,1.0,1.0,1.0,0.0,0.0,1.0,1.0,1.0,,107.37787935073973,,,1.0,,,,,,,,,,,,,
high_coordination,6401,4,social,0,0,0,0,0,0.0,0.0,0.0,0.0,0.0,0.0,,0,0,0.0,,,,0.0,0.0,,,,,,,,,,,,,,,,,,,,,
high_coordination,6401,8,familiarity,15,9,15,0,6,0.08571428571428572,1.2,1.2,1.2,0.0,0.0,-0.34042553191489366,4,3,0.26666666666666666,2.0,1.0,1.5,0.0,0.0,1.0,1.0,1.0,,76.18522939517781,,,1.2,,,,,,,,,,,,,
high_coordination,6401,8,social,0,0,0,0,0,0.0,0.0,0.0,0.0,0.0,0.0,,0,0,0.0,,,,0.0,0.0,,,,,,,,,,,,,,,,,,,,,
high_coordination,6401,13,familiarity,51,34,51,0,18,0.02666666666666667,1.3333333333333333,1.3333333333333333,1.3333333333333333,0.04248366013071895,0.12,-0.06506024096385557,8,7,0.1568627450980392,4.0,2.0,2.357142857142857,0.0,0.0,1.0,0.966353290450272,0.9705882352941176,,76.2552850021567,,,1.3333333333333333,10897.0,224.0,34.0,4.0,1.0,2.0,0.0031201248049922,9.176837661741764e-05,224.0,0.0,257.0,6093.0,1.0
high_coordination,6401,13,social,2,1,2,0,1,1.0,1.0,1.0,1.0,0.0,0.0,,2,1,1.0,1.0,1.0,1.0,0.0,0.0,,,1.0,,0.0,,,1.0,,,,,,,,,,,,,
high_coordination,6401,26,familiarity,159,134,159,0,38,0.010667940450601068,1.6855345911949686,1.6855345911949686,1.6855345911949686,0.03085255066387142,0.1085972850678733,-0.02198037619435342,17,22,0.1069182389937107,4.0,2.0,2.375,0.2003267973856209,0.2692307692307692,1.0,0.8709677419354839,0.8805970149253731,,73.91616184122077,,,1.6855345911949686,21416.0,714.0,134.0,35.0,4.0,32.0,0.006257004109077325,0.00018677624206200972,714.0,14.0,844.0,7614.0,16.0
high_coordination,6401,26,social,7,4,7,0,3,0.19047619047619047,1.1428571428571428,1.1428571428571428,1.1428571428571428,0.0,0.0,-0.3333333333333333,3,2,0.42857142857142855,2.0,1.0,1.3333333333333333,0.0,0.0,1.0,1.0,1.0,,23.79074652298577,,,1.1428571428571428,,,,,,,,,,,,,
high_coordination,6401,39,familiarity,325,315,325,0,52,0.005982905982905983,1.9384615384615385,1.9384615384615385,1.9384615384615385,0.06030318399549168,0.13872832369942195,-0.1477847531839176,31,39,0.09538461538461539,6.0,3.0,2.8838709677419354,0.04498995628027886,0.03896103896103896,1.0000000000000002,0.8685505788696528,0.8761904761904762,-0.0015898251192494695,78.46886450756844,,1.0,1.941358024691358,,,,,,,,,,,,,
high_coordination,6401,39,social,22,14,22,0,9,0.06060606060606061,1.2727272727272727,1.2727272727272727,1.2727272727272727,0.13636363636363635,0.42857142857142855,0.23076923076923053,5,4,0.22727272727272727,3.0,2.0,1.8,0.0,0.0,1.0000000000000002,0.9111111111111113,0.9285714285714286,,51.22261892236963,,,1.2727272727272727,,,,,,,,,,,,,
high_coordination,6401,52,familiarity,485,541,485,0,49,0.004609355031098237,2.2309278350515465,2.2309278350515465,2.2309278350515465,0.0691740588769091,0.12913385826771653,-0.17740074481358548,52,57,0.10721649484536082,15.0,8.0,6.1478129713423835,0.025869963369963368,0.06716417910447761,1.0,0.8947347560151697,0.9001848428835489,-0.004642525533892644,74.51080418119601,,1.0,2.24375,40698.0,2155.0,541.0,153.0,31.0,318.0,0.013293036512850754,0.0007617081920487493,2155.0,78.0,2665.0,8757.0,54.0
high_coordination,6401,52,social,46,31,46,0,16,0.02995169082125604,1.3478260869565217,1.3478260869565217,1.3478260869565217,0.04710144927536231,0.13043478260869565,-0.15377081292850142,8,7,0.17391304347826086,4.0,2.0,2.357142857142857,0.0,0.0,1.0,0.8899408284023668,0.9032258064516129,,65.52695733826889,,,1.3478260869565217,,,,,,,,,,,,,
high_coordination,6402,1,familiarity,0,0,0,0,0,0.0,0.0,0.0,0.0,0.0,0.0,,0,0,0.0,,,,0.0,0.0,,,,,,,,,,,,,,,,,,,,,
high_coordination,6402,1,social,0,0,0,0,0,0.0,0.0,0.0,0.0,0.0,0.0,,0,0,0.0,,,,0.0,0.0,,,,,,,,,,,,,,,,,,,,,
high_coordination,6402,4,familiarity,4,2,4,0,2,0.3333333333333333,1.0,1.0,1.0,0.0,0.0,,2,1,0.5,1.0,1.0,1.0,0.0,0.0,1.0,1.0,1.0,,41.60076840642958,,,1.0,,,,,,,,,,,,,
high_coordination,6402,4,social,0,0,0,0,0,0.0,0.0,0.0,0.0,0.0,0.0,,0,0,0.0,,,,0.0,0.0,,,,,,,,,,,,,,,,,,,,,
high_coordination,6402,8,familiarity,21,13,21,0,8,0.06190476190476191,1.2380952380952381,1.2380952380952381,1.2380952380952381,0.0,0.0,-0.26020408163265246,5,4,0.23809523809523808,2.0,1.0,1.6,0.0,0.0,1.0,1.0,1.0,,53.28139474677304,,,1.2380952380952381,,,,,,,,,,,,,
high_coordination,6402,8,social,0,0,0,0,0,0.0,0.0,0.0,0.0,0.0,0.0,,0,0,0.0,,,,0.0,0.0,,,,,,,,,,,,,,,,,,,,,
high_coordination,6402,13,familiarity,39,28,39,0,12,0.037786774628879895,1.435897435897436,1.435897435897436,1.435897435897436,0.032478632478632474,0.11538461538461539,0.04234527687296437,10,10,0.2564102564102564,5.0,3.0,2.466666666666667,0.12666666666666665,0.15789473684210525,1.0000000000000002,1.0,1.0,,73.8633617574383,,,1.435897435897436,10978.0,259.0,28.0,5.0,2.0,3.0,0.0025505556567680817,0.00018218254691200583,259.0,4.0,285.0,6023.0,0.0
high_coordination,6402,13,social,4,2,4,0,2,0.3333333333333333,1.0,1.0,1.0,0.0,0.0,,2,1,0.5,1.0,1.0,1.0,0.0,0.0,1.0,1.0,1.0,,6.7569281439928375,,,1.0,,,,,,,,,,,,,
high_coordination,6402,26,familiarity,178,155,178,0,43,0.009839395670665906,1.7415730337078652,1.7415730337078652,1.7415730337078652,0.06690743713215623,0.18620689655172415,0.014349599488918452,17,17,0.09550561797752809,5.0,3.0,2.698529411764706,0.023529411764705882,0.06976744186046512,1.0,0.9234413237242091,0.9290322580645162,,80.53662774224073,,,1.7415730337078652,21605.0,768.0,155.0,40.0,7.0,37.0,0.0071742652163850965,0.00032399907428835915,768.0,22.0,916.0,7551.0,11.0
high_coordination,6402,26,social,11,7,11,0,4,0.12727272727272726,1.2727272727272727,1.2727272727272727,1.2727272727272727,0.0,0.0,-0.166666666666666,4,3,0.36363636363636365,3.0,2.0,1.6666666666666667,0.0,0.0,0.9999999999999997,1.0,1.0,,50.54696425362788,,,1.2727272727272727,,,,,,,,,,,,,
high_coordination,6402,39,familiarity,331,331,331,0,54,0.006060606060606061,2.0,2.0,2.0,0.08758844378179725,0.1640625,-0.10773366309064923,40,45,0.12084592145015106,9.0,5.0,4.0025641025641026,0.056920995670995664,0.09375,1.0,0.9067279476067396,0.9123867069486404,-0.0015128593040902325,83.70803545194583,,1.0,2.003030303030303,,,,,,,,,,,,,
high_coordination,6402,39,social,37,26,37,0,13,0.03903903903903904,1.4054054054054055,1.4054054054054055,1.4054054054054055,0.12162162162162163,0.3,0.027210884353741752,6,6,0.16216216216216217,3.0,2.0,1.7333333333333334,0.25,0.3,1.0,1.0,1.0,,51.26172183077876,,,1.4054054054054055,,,,,,,,,,,,,
high_coordination,6402,52,familiarity,485,569,485,0,48,0.004847916844168016,2.3463917525773197,2.3463917525773197,2.3463917525773197,0.11121834368044192,0.16852487135506003,-0.18260750410459553,60,63,0.12371134020618557,13.0,7.0,6.083050847457627,0.047857142857142855,0.060810810810810814,0.9999999999999999,0.9067688440811323,0.9121265377855887,-0.004413062665487856,84.16081047098805,,1.0,2.3604166666666666,41442.0,2191.0,569.0,139.0,45.0,498.0,0.013730032334346798,0.0010858549297813813,2191.0,78.0,2715.0,8706.0,50.0
high_coordination,6402,52,social,64,45,64,0,22,0.022321428571428572,1.40625,1.40625,1.40625,0.090625,0.21428571428571427,-0.08591885441527461,7,8,0.109375,2.0,1.0,1.619047619047619,0.39999999999999997,0.3,1.0,0.9273803119956966,0.9333333333333333,,55.42140758420498,,,1.40625,,,,,,,,,,,,,
high_coordination,6403,1,familiarity,0,0,0,0,0,0.0,0.0,0.0,0.0,0.0,0.0,,0,0,0.0,,,,0.0,0.0,,,,,,,,,,,,,,,,,,,,,
high_coordination,6403,1,social,0,0,0,0,0,0.0,0.0,0.0,0.0,0.0,0.0,,0,0,0.0,,,,0.0,0.0,,,,,,,,,,,,,,,,,,,,,
high_coordination,6403,4,familiarity,8,4,8,0,4,0.14285714285714285,1.0,1.0,1.0,0.0,0.0,,2,1,0.25,1.0,1.0,1.0,0.0,0.0,1.0,1.0,1.0,,23.685414419759447,,,1.0,,,,,,,,,,,,,
high_coordination,6403,4,social,0,0,0,0,0,0.0,0.0,0.0,0.0,0.0,0.0,,0,0,0.0,,,,0.0,0.0,,,,,,,,,,,,,,,,,,,,,
high_coordination,6403,8,familiarity,25,16,25,0,9,0.05333333333333334,1.28,1.28,1.28,0.0,0.0,-0.015873015873015872,5,4,0.2,4.0,2.0,2.0,0.0,0.0,1.0,1.0,1.0,,57.718541931186174,,,1.28,,,,,,,,,,,,,
high_coordination,6403,8,social,0,0,0,0,0,0.0,0.0,0.0,0.0,0.0,0.0,,0,0,0.0,,,,0.0,0.0,,,,,,,,,,,,,,,,,,,,,
high_coordination,6403,13,familiarity,59,40,59,0,21,0.023378141437755698,1.3559322033898304,1.3559322033898304,1.3559322033898304,0.0423728813559322,0.2,0.17333333333333253,6,5,0.1016949152542373,3.0,2.0,1.9333333333333333,0.0,0.0,1.0000000000000002,1.0,1.0,,72.35708603475821,,,1.3559322033898304,11031.0,248.0,40.0,9.0,4.0,9.0,0.003626144501858399,0.0003626144501858399,248.0,2.0,284.0,6124.0,0.0
high_coordination,6403,13,social,7,4,7,0,3,0.19047619047619047,1.1428571428571428,1.1428571428571428,1.1428571428571428,0.0,0.0,-0.3333333333333333,3,2,0.42857142857142855,2.0,1.0,1.3333333333333333,0.0,0.0,1.0,1.0,1.0,,32.80215225709283,,,1.1428571428571428,,,,,,,,,,,,,
high_coordination,6403,26,familiarity,201,173,201,0,49,0.008606965174129353,1.7213930348258706,1.7213930348258706,1.7213930348258706,0.09225696912264077,0.17117117117117117,-0.07093210838596768,18,18,0.08955223880597014,4.0,2.0,2.4444444444444446,0.05943562610229277,0.043478260869565216,1.0000000000000002,0.9380083849930126,0.9421965317919075,-0.0028985507246365645,78.65225497352219,,1.0,1.725,21499.0,762.0,173.0,34.0,11.0,76.0,0.008046885901669845,0.0005116517047304526,762.0,12.0,924.0,7551.0,10.0
high_coordination,6403,26,social,18,11,18,0,8,0.0718954248366013,1.2222222222222223,1.2222222222222223,1.2222222222222223,0.16666666666666666,0.75,0.6071428571428574,3,2,0.16666666666666666,2.0,1.0,1.3333333333333333,0.0,0.0,1.0,1.0,1.0,,27.08051497755365,,,1.2222222222222223,,,,,,,,,,,,,
high_coordination,6403,39,familiarity,333,350,333,0,55,0.006331632837656934,2.1021021021021022,2.1021021021021022,2.1021021021021022,0.10595152261818928,0.21536905965621841,-0.04653700107461237,21,33,0.06306306306306306,4.0,2.0,2.242857142857143,0.20567765567765567,0.2441860465116279,1.0,0.9333264062067054,0.9371428571428572,-0.007194244604320601,74.02805664721275,,1.0,2.1189024390243905,,,,,,,,,,,,,
high_coordination,6403,39,social,28,21,28,0,9,0.05555555555555555,1.5,1.5,1.5,0.19047619047619047,0.4,0.1764705882352948,6,5,0.21428571428571427,5.0,3.0,2.3333333333333335,0.0,0.0,1.0,1.0,1.0,,47.51647966972631,,,1.5,,,,,,,,,,,,,
high_coordination,6403,52,familiarity,483,568,483,0,56,0.0048795993230415025,2.351966873706004,2.351966873706004,2.351966873706004,0.119614156260119,0.22622478386167147,-0.04995210476287941,63,76,0.13043478260869565,11.0,6.0,5.038914490527394,0.14292242149385007,0.16049382716049382,1.0,0.9182125354866684,0.9225352112676056,-0.006200177147915613,73.19540124496702,,1.0,2.3718487394957983,41458.0,2214.0,568.0,142.0,37.0,497.0,0.01370061266824256,0.0008924694871918569,2214.0,72.0,2745.0,8772.0,44.0
high_coordination,6403,52,social,45,37,45,0,12,0.03737373737373737,1.6444444444444444,1.6444444444444444,1.6444444444444444,0.12962962962962962,0.2926829268292683,-0.012509773260360152,7,8,0.15555555555555556,5.0,3.0,2.238095238095238,0.38095238095238093,0.5,1.0,1.0,1.0,,57.359525259761405,,,1.6444444444444444,,,,,,,,,,,,,
high_coordination,6404,1,familiarity,0,0,0,0,0,0.0,0.0,0.0,0.0,0.0,0.0,,0,0,0.0,,,,0.0,0.0,,,,,,,,,,,,,,,,,,,,,
high_coordination,6404,1,social,0,0,0,0,0,0.0,0.0,0.0,0.0,0.0,0.0,,0,0,0.0,,,,0.0,0.0,,,,,,,,,,,,,,,,,,,,,
high_coordination,6404,4,familiarity,4,2,4,0,2,0.3333333333333333,1.0,1.0,1.0,0.0,0.0,,2,1,0.5,1.0,1.0,1.0,0.0,0.0,1.0,1.0,1.0,,97.7763573154367,,,1.0,,,,,,,,,,,,,
high_coordination,6404,4,social,0,0,0,0,0,0.0,0.0,0.0,0.0,0.0,0.0,,0,0,0.0,,,,0.0,0.0,,,,,,,,,,,,,,,,,,,,,
high_coordination,6404,8,familiarity,13,7,13,0,6,0.08974358974358974,1.0769230769230769,1.0769230769230769,1.0769230769230769,0.0,0.0,-0.16666666666666768,3,2,0.23076923076923078,2.0,1.0,1.3333333333333333,0.0,0.0,1.0,0.8313253012048195,0.8571428571428571,,65.72736641946639,,,1.0769230769230769,,,,,,,,,,,,,
high_coordination,6404,8,social,0,0,0,0,0,0.0,0.0,0.0,0.0,0.0,0.0,,0,0,0.0,,,,0.0,0.0,,,,,,,,,,,,,,,,,,,,,
high_coordination,6404,13,familiarity,48,28,48,0,20,0.024822695035460994,1.1666666666666667,1.1666666666666667,1.1666666666666667,0.0,0.0,-0.07074569789674945,6,5,0.125,3.0,2.0,1.8666666666666667,0.0,0.0,1.0,0.9213483146067416,0.9285714285714286,,70.82886869169964,,,1.1666666666666667,11365.0,275.0,28.0,4.0,1.0,0.0,0.0024637043554773426,8.798944126704795e-05,275.0,2.0,302.0,6135.0,2.0
high_coordination,6404,13,social,2,1,2,0,1,1.0,1.0,1.0,1.0,0.0,0.0,,2,1,1.0,1.0,1.0,1.0,0.0,0.0,,,1.0,,113.98772295680985,,,1.0,,,,,,,,,,,,,
high_coordination,6404,26,familiarity,191,146,191,0,48,0.008046293744833287,1.5287958115183247,1.5287958115183247,1.5287958115183247,0.022164048865619547,0.05,-0.15378983634797605,19,18,0.09947643979057591,8.0,4.0,3.6608187134502925,0.0,0.0,1.0,0.9060349522253578,0.910958904109589,,74.89626898762258,,,1.5287958115183247,22086.0,837.0,146.0,34.0,7.0,50.0,0.006610522502943041,0.0003169428597301458,837.0,16.0,976.0,7648.0,13.0
high_coordination,6404,26,social,12,7,12,0,5,0.10606060606060606,1.1666666666666667,1.1666666666666667,1.1666666666666667,0.0,0.0,-0.27272727272727265,4,3,0.3333333333333333,2.0,1.0,1.5,0.0,0.0,1.0,1.0,1.0,,61.95588937462634,,,1.1666666666666667,,,,,,,,,,,,,
high_coordination,6404,39,familiarity,353,346,353,0,53,0.005569147566314705,1.9603399433427762,1.9603399433427762,1.9603399433427762,0.050399584677205074,0.09942857142857142,-0.09973332434939233,32,36,0.0906515580736544,7.0,4.0,3.375,0.10475514069264069,0.11450381679389313,1.0000000000000002,0.8810131605052576,0.8872832369942196,-0.0014471780028649055,77.27488579761949,,1.0,1.9630681818181819,,,,,,,,,,,,,
high_coordination,6404,39,social,24,13,24,0,11,0.04710144927536232,1.0833333333333333,1.0833333333333333,1.0833333333333333,0.0,0.0,-0.13043478260869598,4,3,0.16666666666666666,2.0,1.0,1.5,0.0,0.0,1.0,0.9136212624584715,0.9230769230769231,,64.7802363543765,,,1.0833333333333333,,,,,,,,,,,,,
high_coordination,6404,52,familiarity,535,595,535,0,51,0.004165354055094683,2.2242990654205608,2.2242990654205608,2.2242990654205608,0.07923068624003203,0.12236084452975048,-0.17182723990427928,45,57,0.08411214953271028,7.0,4.0,3.6343434343434344,0.17821462488129156,0.14473684210526316,1.0000000000000002,0.892307852076475,0.8974789915966387,-0.003372681281624923,75.51750941395284,,1.0,2.233521657250471,42316.0,2348.0,595.0,153.0,33.0,384.0,0.014060875319028264,0.0007798468664335003,2348.0,86.0,2910.0,8802.0,61.0
high_coordination,6404,52,social,52,33,52,0,19,0.024886877828054297,1.2692307692307692,1.2692307692307692,1.2692307692307692,0.0,0.0,-0.4042553191489359,4,3,0.07692307692307693,3.0,2.0,1.6666666666666667,0.0,0.0,1.0000000000000002,0.9018344075359443,0.9090909090909091,,69.21573223962744,,,1.2692307692307692,,,,,,,,,,,,,
high_coordination,6405,1,familiarity,0,0,0,0,0,0.0,0.0,0.0,0.0,0.0,0.0,,0,0,0.0,,,,0.0,0.0,,,,,,,,,,,,,,,,,,,,,
high_coordination,6405,1,social,0,0,0,0,0,0.0,0.0,0.0,0.0,0.0,0.0,,0,0,0.0,,,,0.0,0.0,,,,,,,,,,,,,,,,,,,,,
high_coordination,6405,4,familiarity,2,1,2,0,1,1.0,1.0,1.0,1.0,0.0,0.0,,2,1,1.0,1.0,1.0,1.0,0.0,0.0,,,1.0,,87.62096833425647,,,1.0,,,,,,,,,,,,,
high_coordination,6405,4,social,0,0,0,0,0,0.0,0.0,0.0,0.0,0.0,0.0,,0,0,0.0,,,,0.0,0.0,,,,,,,,,,,,,,,,,,,,,
high_coordination,6405,8,familiarity,22,13,22,0,9,0.05627705627705628,1.1818181818181819,1.1818181818181819,1.1818181818181819,0.0,0.0,-0.31645569620253167,4,3,0.18181818181818182,2.0,1.0,1.5,0.0,0.0,1.0000000000000002,1.0,1.0,,67.48209276176354,,,1.1818181818181819,,,,,,,,,,,,,
high_coordination,6405,8,social,2,1,2,0,1,1.0,1.0,1.0,1.0,0.0,0.0,,2,1,1.0,1.0,1.0,1.0,0.0,0.0,,,1.0,,87.62096833425647,,,1.0,,,,,,,,,,,,,
high_coordination,6405,13,familiarity,60,39,60,0,22,0.022033898305084745,1.3,1.3,1.3,0.0,0.0,-0.2042755344418056,5,5,0.08333333333333333,3.0,2.0,1.6,0.0,0.0,1.0,0.9143170999633833,0.9230769230769231,,69.34941298939228,,,1.3,11070.0,322.0,39.0,6.0,2.0,10.0,0.0035230352303523035,0.0001806684733514002,322.0,2.0,359.0,6138.0,3.0
high_coordination,6405,13,social,4,2,4,0,2,0.3333333333333333,1.0,1.0,1.0,0.0,0.0,,2,1,0.5,1.0,1.0,1.0,0.0,0.0,1.0,1.0,1.0,,46.25539834588193,,,1.0,,,,,,,,,,,,,
high_coordination,6405,26,familiarity,184,175,184,0,32,0.010394392967450702,1.9021739130434783,1.9021739130434783,1.9021739130434783,0.07314527260179435,0.1111111111111111,-0.15964774609817786,21,32,0.11413043478260869,4.0,2.0,2.3142857142857145,0.07717309145880574,0.08888888888888889,1.0,0.9320160336211617,0.9371428571428572,-0.002865329512911234,82.92448757603216,,1.0,1.907103825136612,21412.0,849.0,175.0,48.0,11.0,49.0,0.008172987110031758,0.0005137306183448534,849.0,16.0,1013.0,7629.0,11.0
high_coordination,6405,26,social,19,11,19,0,8,0.06432748538011696,1.1578947368421053,1.1578947368421053,1.1578947368421053,0.0,0.0,-0.37499999999999983,3,2,0.15789473684210525,2.0,1.0,1.3333333333333333,0.0,0.0,1.0,1.0,1.0,,48.56442813669721,,,1.1578947368421053,,,,,,,,,,,,,
high_coordination,6405,39,familiarity,350,391,350,0,42,0.00640196479738027,2.2342857142857144,2.2342857142857144,2.2342857142857144,0.0850613196327482,0.1466768525592055,-0.184818683444302,32,37,0.09142857142857143,7.0,4.0,3.1431451612903225,0.0341765873015873,0.04054054054054054,1.0,0.9155578158309066,0.9207161125319693,-0.0038510911424937287,85.35775989433091,,1.0,2.244956772334294,,,,,,,,,,,,,
high_coordination,6405,39,social,39,26,39,0,14,0.03508771929824561,1.3333333333333333,1.3333333333333333,1.3333333333333333,0.05982905982905983,0.2,-0.05295950155763278,5,4,0.1282051282051282,4.0,2.0,2.0,0.0,0.0,1.0,0.9555175363558598,0.9615384615384616,,62.229439124057166,,,1.3333333333333333,,,,,,,,,,,,,
high_coordination,6405,52,familiarity,498,628,498,0,40,0.005074624453548601,2.5220883534136544,2.5220883534136544,2.5220883534136544,0.12114011372515979,0.18185157972079352,-0.19846628542737615,42,58,0.08433734939759036,6.0,3.0,2.9721254355400695,0.14985569985569985,0.11650485436893204,1.0,0.9057046943875418,0.910828025477707,-0.0031948881789165312,83.51030124022607,,1.0,2.534412955465587,40908.0,2324.0,628.0,180.0,48.0,549.0,0.015351520484990711,0.0011733646230566149,2324.0,102.0,2904.0,8756.0,56.0
high_coordination,6405,52,social,65,48,65,0,19,0.023076923076923078,1.476923076923077,1.476923076923077,1.476923076923077,0.04871794871794872,0.13953488372093023,-0.054235768713582336,10,10,0.15384615384615385,5.0,3.0,2.511111111111111,0.08333333333333333,0.1875,1.0,0.9769618430525557,0.9791666666666666,,66.83926646581081,,,1.476923076923077,,,,,,,,,,,,,
high_coordination,6406,1,familiarity,0,0,0,0,0,0.0,0.0,0.0,0.0,0.0,0.0,,0,0,0.0,,,,0.0,0.0,,,,,,,,,,,,,,,,,,,,,
high_coordination,6406,1,social,0,0,0,0,0,0.0,0.0,0.0,0.0,0.0,0.0,,0,0,0.0,,,,0.0,0.0,,,,,,,,,,,,,,,,,,,,,
high_coordination,6406,4,familiarity,2,1,2,0,1,1.0,1.0,1.0,1.0,0.0,0.0,,2,1,1.0,1.0,1.0,1.0,0.0,0.0,,,1.0,,43.103884149116084,,,1.0,,,,,,,,,,,,,
high_coordination,6406,4,social,0,0,0,0,0,0.0,0.0,0.0,0.0,0.0,0.0,,0,0,0.0,,,,0.0,0.0,,,,,,,,,,,,,,,,,,,,,
high_coordination,6406,8,familiarity,8,4,8,0,4,0.14285714285714285,1.0,1.0,1.0,0.0,0.0,,2,1,0.25,1.0,1.0,1.0,0.0,0.0,1.0,1.0,1.0,,78.69479532784413,,,1.0,,,,,,,,,,,,,
high_coordination,6406,8,social,0,0,0,0,0,0.0,0.0,0.0,0.0,0.0,0.0,,0,0,0.0,,,,0.0,0.0,,,,,,,,,,,,,,,,,,,,,
high_coordination,6406,13,familiarity,39,23,39,0,16,0.0310391363022942,1.1794871794871795,1.1794871794871795,1.1794871794871795,0.0,0.0,0.02645502645502633,5,4,0.1282051282051282,3.0,2.0,1.8,0.0,0.0,1.0,0.9039665970772442,0.9130434782608695,,83.36885041830222,,,1.1794871794871795,10717.0,231.0,23.0,4.0,0.0,0.0,0.0021461229821778485,0.0,231.0,4.0,254.0,6046.0,2.0
high_coordination,6406,13,social,0,0,0,0,0,0.0,0.0,0.0,0.0,0.0,0.0,,0,0,0.0,,,,0.0,0.0,,,,,,,,,,,,,,,,,,,,,
high_coordination,6406,26,familiarity,153,119,153,0,39,0.01023391812865497,1.5555555555555556,1.5555555555555556,1.5555555555555556,0.03470276999688764,0.09146341463414634,-0.17824415537973284,15,14,0.09803921568627451,8.0,4.0,3.7904761904761903,0.0,0.0,1.0,0.9370179948586118,0.9411764705882353,-0.012765957446811187,89.13654142109633,,1.0,1.5666666666666667,20814.0,729.0,119.0,33.0,6.0,29.0,0.005717305659652157,0.0002882675122513693,729.0,12.0,842.0,7584.0,7.0
high_coordination,6406,26,social,11,6,11,0,5,0.10909090909090909,1.0909090909090908,1.0909090909090908,1.0909090909090908,0.0,0.0,-0.2000000000000022,3,2,0.2727272727272727,2.0,1.0,1.3333333333333333,0.0,0.0,1.0,1.0,1.0,,53.45174418911106,,,1.0909090909090908,,,,,,,,,,,,,
high_coordination,6406,39,familiarity,295,277,295,0,56,0.006387639801683385,1.8779661016949152,1.8779661016949152,1.8779661016949152,0.06055981683100326,0.1332378223495702,-0.16225627132362458,22,34,0.07457627118644068,5.0,3.0,2.3722943722943723,0.26545954045954046,0.2874251497005988,1.0000000000000002,0.934764840340791,0.9386281588447654,-0.009107468123859938,87.72054521752682,,1.0,1.893103448275862,,,,,,,,,,,,,
high_coordination,6406,39,social,25,17,25,0,9,0.056666666666666664,1.36,1.36,1.36,0.09333333333333334,0.3,-0.12396694214876045,4,4,0.16,2.0,1.0,1.3333333333333333,0.5833333333333334,0.6,1.0,1.0,1.0,,65.16970528606288,,,1.36,,,,,,,,,,,,,
high_coordination,6406,52,familiarity,483,521,483,0,53,0.004475829660747575,2.1573498964803313,2.1573498964803313,2.1573498964803313,0.0847282510571167,0.1410459587955626,-0.18025416420917717,43,50,0.08902691511387163,10.0,5.0,4.256921373200443,0.15455887781469177,0.11946902654867257,1.0000000000000002,0.9109353267077462,0.9155470249520153,-0.007736943907157449,83.09046198618277,,1.0,2.176842105263158,40078.0,2051.0,521.0,120.0,28.0,343.0,0.012999650681171716,0.0006986376565696891,2051.0,66.0,2544.0,8742.0,44.0
high_coordination,6406,52,social,43,28,43,0,16,0.031007751937984496,1.302325581395349,1.302325581395349,1.302325581395349,0.054263565891472874,0.2,-0.23415977961432452,4,4,0.09302325581395349,2.0,1.0,1.3333333333333333,0.5833333333333334,0.6,1.0000000000000002,1.0,1.0,,65.6559137941426,,,1.302325581395349,,,,,,,,,,,,,
high_coordination,6407,1,familiarity,0,0,0,0,0,0.0,0.0,0.0,0.0,0.0,0.0,,0,0,0.0,,,,0.0,0.0,,,,,,,,,,,,,,,,,,,,,
high_coordination,6407,1,social,0,0,0,0,0,0.0,0.0,0.0,0.0,0.0,0.0,,0,0,0.0,,,,0.0,0.0,,,,,,,,,,,,,,,,,,,,,
high_coordination,6407,4,familiarity,6,3,6,0,3,0.2,1.0,1.0,1.0,0.0,0.0,,2,1,0.3333333333333333,1.0,1.0,1.0,0.0,0.0,1.0,1.0,1.0,,129.9180186728672,,,1.0,,,,,,,,,,,,,
high_coordination,6407,4,social,0,0,0,0,0,0.0,0.0,0.0,0.0,0.0,0.0,,0,0,0.0,,,,0.0,0.0,,,,,,,,,,,,,,,,,,,,,
high_coordination,6407,8,familiarity,18,10,18,0,8,0.06535947712418301,1.1111111111111112,1.1111111111111112,1.1111111111111112,0.0,0.0,-0.2500000000000021,3,2,0.16666666666666666,2.0,1.0,1.3333333333333333,0.0,0.0,1.0000000000000002,1.0,1.0,,87.97560217860196,,,1.1111111111111112,,,,,,,,,,,,,
high_coordination,6407,8,social,0,0,0,0,0,0.0,0.0,0.0,0.0,0.0,0.0,,0,0,0.0,,,,0.0,0.0,,,,,,,,,,,,,,,,,,,,,
high_coordination,6407,13,familiarity,47,30,47,0,17,0.027752081406105456,1.2765957446808511,1.2765957446808511,1.2765957446808511,0.0,0.0,-0.40740740740740733,5,4,0.10638297872340426,3.0,2.0,1.8,0.0,0.0,1.0000000000000002,0.9264705882352942,0.9333333333333333,,80.78853412682464,,,1.2765957446808511,11017.0,246.0,30.0,6.0,1.0,1.0,0.002723064355087592,9.076881183625306e-05,246.0,0.0,275.0,6105.0,2.0
high_coordination,6407,13,social,2,1,2,0,1,1.0,1.0,1.0,1.0,0.0,0.0,,2,1,1.0,1.0,1.0,1.0,0.0,0.0,,,1.0,,80.45536169208003,,,1.0,,,,,,,,,,,,,
high_coordination,6407,26,familiarity,172,131,172,0,48,0.008907928736570108,1.5232558139534884,1.5232558139534884,1.5232558139534884,0.04501661129568106,0.08571428571428572,-0.07171746883847498,24,27,0.13953488372093023,6.0,3.0,3.028985507246377,0.07539682539682539,0.08450704225352113,1.0,0.9420152391792341,0.9465648854961832,-0.0038314176245267226,80.84416754726455,,1.0,1.5263157894736843,21137.0,787.0,131.0,28.0,7.0,24.0,0.006197662866064248,0.00033117282490419646,787.0,8.0,911.0,7551.0,7.0
high_coordination,6407,26,social,12,7,12,0,5,0.10606060606060606,1.1666666666666667,1.1666666666666667,1.1666666666666667,0.0,0.0,-0.4000000000000027,3,2,0.25,2.0,1.0,1.3333333333333333,0.0,0.0,1.0,1.0,1.0,,108.48274705744628,,,1.1666666666666667,,,,,,,,,,,,,
high_coordination,6407,39,familiarity,332,324,332,0,51,0.005896698576784479,1.9518072289156627,1.9518072289156627,1.9518072289156627,0.05214668196595908,0.10648714810281518,-0.0979602483914863,32,52,0.0963855421686747,5.0,3.0,2.691532258064516,0.12760416666666666,0.1553784860557769,1.0,0.9339153136982948,0.9382716049382716,-0.007776049766718992,80.83061188799181,,1.0,1.966360856269113,,,,,,,,,,,,,
high_coordination,6407,39,social,25,15,25,0,10,0.05,1.2,1.2,1.2,0.0,0.0,-0.060606060606060344,5,4,0.2,3.0,2.0,1.8,0.0,0.0,1.0,1.0,1.0,,64.83641731636621,,,1.2,,,,,,,,,,,,,
high_coordination,6407,52,familiarity,495,574,495,0,55,0.004694720484194169,2.319191919191919,2.319191919191919,2.319191919191919,0.08779861057935924,0.15363128491620112,-0.09886199067469932,54,66,0.10909090909090909,12.0,6.0,4.917540181691125,0.05776014109347443,0.14210526315789473,0.9999999999999998,0.9276055267647084,0.9320557491289199,-0.007017543859652078,77.43922051190607,,1.0,2.3408624229979464,40301.0,2177.0,574.0,131.0,34.0,316.0,0.014242822758740477,0.0008436515222947322,2177.0,64.0,2717.0,8728.0,39.0
high_coordination,6407,52,social,55,34,55,0,21,0.022895622895622896,1.2363636363636363,1.2363636363636363,1.2363636363636363,0.0,0.0,-0.13333333333333355,7,6,0.12727272727272726,4.0,2.0,2.0952380952380953,0.0,0.0,1.0,0.9357884796978281,0.9411764705882353,,64.42405216621492,,,1.2363636363636363,,,,,,,,,,,,,
high_coordination,6408,1,familiarity,0,0,0,0,0,0.0,0.0,0.0,0.0,0.0,0.0,,0,0,0.0,,,,0.0,0.0,,,,,,,,,,,,,,,,,,,,,
high_coordination,6408,1,social,0,0,0,0,0,0.0,0.0,0.0,0.0,0.0,0.0,,0,0,0.0,,,,0.0,0.0,,,,,,,,,,,,,,,,,,,,,
high_coordination,6408,4,familiarity,4,2,4,0,2,0.3333333333333333,1.0,1.0,1.0,0.0,0.0,,2,1,0.5,1.0,1.0,1.0,0.0,0.0,1.0,1.0,1.0,,56.14668687625978,,,1.0,,,,,,,,,,,,,
high_coordination,6408,4,social,0,0,0,0,0,0.0,0.0,0.0,0.0,0.0,0.0,,0,0,0.0,,,,0.0,0.0,,,,,,,,,,,,,,,,,,,,,
high_coordination,6408,8,familiarity,20,11,20,0,9,0.05789473684210526,1.1,1.1,1.1,0.0,0.0,-0.2222222222222209,3,2,0.15,2.0,1.0,1.3333333333333333,0.0,0.0,1.0,1.0,1.0,,63.015742774681186,,,1.1,,,,,,,,,,,,,
high_coordination,6408,8,social,0,0,0,0,0,0.0,0.0,0.0,0.0,0.0,0.0,,0,0,0.0,,,,0.0,0.0,,,,,,,,,,,,,,,,,,,,,
high_coordination,6408,13,familiarity,68,42,68,0,26,0.018437225636523266,1.2352941176470589,1.2352941176470589,1.2352941176470589,0.0,0.0,-0.183868169991327,6,5,0.08823529411764706,3.0,2.0,1.8666666666666667,0.0,0.0,1.0,0.9741776821395636,0.9761904761904762,,73.75032652873271,,,1.2352941176470589,11176.0,294.0,42.0,12.0,1.0,0.0,0.0037580529706513956,8.947745168217609e-05,294.0,4.0,335.0,6104.0,1.0
high_coordination,6408,13,social,2,1,2,0,1,1.0,1.0,1.0,1.0,0.0,0.0,,2,1,1.0,1.0,1.0,1.0,0.0,0.0,,,1.0,,43.1702152696942,,,1.0,,,,,,,,,,,,,
high_coordination,6408,26,familiarity,233,200,233,0,50,0.007399733609590055,1.7167381974248928,1.7167381974248928,1.7167381974248928,0.05627086313781592,0.096,-0.12719776888565554,20,22,0.08583690987124463,4.0,2.0,2.5736842105263156,0.07281746031746031,0.0821917808219178,1.0,0.9200937566588535,0.925,-0.002506265664176859,74.66215725031635,,1.0,1.7198275862068966,21935.0,870.0,200.0,51.0,7.0,32.0,0.009117848187827673,0.0003191246865739685,870.0,34.0,1063.0,7653.0,15.0
high_coordination,6408,26,social,13,7,13,0,6,0.08974358974358974,1.0769230769230769,1.0769230769230769,1.0769230769230769,0.0,0.0,-0.16666666666666768,3,2,0.23076923076923078,2.0,1.0,1.3333333333333333,0.0,0.0,1.0000000000000002,1.0000000000000002,1.0,,55.047296615070614,,,1.0769230769230769,,,,,,,,,,,,,
high_coordination,6408,39,familiarity,400,441,400,0,44,0.005526315789473684,2.205,2.205,2.205,0.08992428404928404,0.13968481375358166,-0.15451488666134233,42,63,0.105,8.0,4.0,3.5481997677119628,0.1340702947845805,0.1951219512195122,1.0,0.8948247078464108,0.9002267573696145,-0.004555808656024683,73.92217133230628,,1.0,2.217171717171717,,,,,,,,,,,,,
high_coordination,6408,39,social,40,24,40,0,16,0.03076923076923077,1.2,1.2,1.2,0.0,0.0,-0.2753623188405796,4,3,0.1,3.0,2.0,1.6666666666666667,0.0,0.0,0.9999999999999999,0.9999999999999998,1.0,,61.88759632760335,,,1.2,,,,,,,,,,,,,
high_coordination,6408,52,familiarity,548,725,548,0,36,0.004837267644350739,2.645985401459854,2.645985401459854,2.645985401459854,0.11477026116624656,0.1742182514358647,-0.1862071346916226,78,100,0.14233576642335766,11.0,6.0,5.108891108891109,0.11612461612461612,0.14195583596214512,1.0,0.8924774282765322,0.8979310344827586,-0.009046624913017595,73.89792355250233,,1.0,2.6859813084112147,41977.0,2432.0,725.0,192.0,53.0,560.0,0.01727136288920123,0.0012625961836243657,2432.0,102.0,3104.0,8782.0,74.0
high_coordination,6408,52,social,78,53,78,0,26,0.017649017649017648,1.358974358974359,1.358974358974359,1.358974358974359,0.029914529914529916,0.08823529411764706,-0.32499999999999934,6,5,0.07692307692307693,5.0,3.0,2.3333333333333335,0.0,0.0,1.0,1.0,1.0,,64.14264655715522,,,1.358974358974359,,,,,,,,,,,,,
high_coordination,6409,1,familiarity,0,0,0,0,0,0.0,0.0,0.0,0.0,0.0,0.0,,0,0,0.0,,,,0.0,0.0,,,,,,,,,,,,,,,,,,,,,
high_coordination,6409,1,social,0,0,0,0,0,0.0,0.0,0.0,0.0,0.0,0.0,,0,0,0.0,,,,0.0,0.0,,,,,,,,,,,,,,,,,,,,,
high_coordination,6409,4,familiarity,2,1,2,0,1,1.0,1.0,1.0,1.0,0.0,0.0,,2,1,1.0,1.0,1.0,1.0,0.0,0.0,,,1.0,,126.16690341866095,,,1.0,,,,,,,,,,,,,
high_coordination,6409,4,social,0,0,0,0,0,0.0,0.0,0.0,0.0,0.0,0.0,,0,0,0.0,,,,0.0,0.0,,,,,,,,,,,,,,,,,,,,,
high_coordination,6409,8,familiarity,22,12,22,0,10,0.05194805194805195,1.0909090909090908,1.0909090909090908,1.0909090909090908,0.0,0.0,-0.2000000000000022,3,2,0.13636363636363635,2.0,1.0,1.3333333333333333,0.0,0.0,1.0,0.9043824701195219,0.9166666666666666,,94.96254871411196,,,1.0909090909090908,,,,,,,,,,,,,
high_coordination,6409,8,social,0,0,0,0,0,0.0,0.0,0.0,0.0,0.0,0.0,,0,0,0.0,,,,0.0,0.0,,,,,,,,,,,,,,,,,,,,,
high_coordination,6409,13,familiarity,49,33,49,0,18,0.02806122448979592,1.346938775510204,1.346938775510204,1.346938775510204,0.04489795918367347,0.2222222222222222,0.18992248062015515,8,9,0.16326530612244897,4.0,2.0,2.0,0.275,0.3333333333333333,1.0,0.8960629921259844,0.9090909090909091,,83.08173106714614,,,1.346938775510204,11103.0,261.0,33.0,7.0,0.0,0.0,0.0029721696838692245,0.0,261.0,4.0,294.0,6144.0,3.0
high_coordination,6409,13,social,0,0,0,0,0,0.0,0.0,0.0,0.0,0.0,0.0,,0,0,0.0,,,,0.0,0.0,,,,,,,,,,,,,,,,,,,,,
high_coordination,6409,26,familiarity,184,159,184,0,41,0.009444048467569494,1.7282608695652173,1.7282608695652173,1.7282608695652173,0.05164768806073154,0.11612903225806452,-0.06499839245525664,20,28,0.10869565217391304,5.0,3.0,2.4947368421052634,0.22503968253968254,0.17475728155339806,1.0,0.9111884506316061,0.9182389937106918,-0.012738853503185283,79.27170027437009,,1.0,1.7444444444444445,21729.0,734.0,159.0,37.0,3.0,11.0,0.007317409913019467,0.00013806433798149937,734.0,32.0,890.0,7652.0,13.0
high_coordination,6409,26,social,6,3,6,0,3,0.2,1.0,1.0,1.0,0.0,0.0,,2,1,0.3333333333333333,1.0,1.0,1.0,0.0,0.0,1.0,1.0,1.0,,56.40236714262576,,,1.0,,,,,,,,,,,,,
high_coordination,6409,39,familiarity,311,306,311,0,57,0.006347889223109636,1.9678456591639872,1.9678456591639872,1.9678456591639872,0.08160776344056087,0.15807174887892378,-0.07972393473720327,26,44,0.08360128617363344,4.0,2.0,2.433846153846154,0.2656898656898657,0.26635514018691586,1.0,0.9263010006594603,0.9313725490196079,-0.01157024793387856,75.07053400815177,,1.0,1.9901315789473684,,,,,,,,,,,,,
high_coordination,6409,39,social,29,18,29,0,11,0.04433497536945813,1.2413793103448276,1.2413793103448276,1.2413793103448276,0.0,0.0,-0.19308357348703212,6,5,0.20689655172413793,3.0,2.0,1.8666666666666667,0.0,0.0,1.0,1.0,1.0,,71.51105337139232,,,1.2413793103448276,,,,,,,,,,,,,
high_coordination,6409,52,familiarity,461,529,461,0,49,0.004989154013015184,2.295010845986985,2.295010845986985,2.295010845986985,0.10331651427415113,0.1583710407239819,-0.13014054773205452,49,59,0.10629067245119306,11.0,6.0,4.4268707482993195,0.04875283446712018,0.08053691275167785,1.0,0.9055751775473775,0.9111531190926276,-0.012440191387562383,73.09316500613481,,1.0,2.3325892857142856,41817.0,2221.0,529.0,142.0,32.0,319.0,0.012650357510103547,0.0007652390176244112,2221.0,82.0,2718.0,8772.0,47.0
high_coordination,6409,52,social,48,32,48,0,16,0.028368794326241134,1.3333333333333333,1.3333333333333333,1.3333333333333333,0.0,0.0,0.03139013452914798,9,8,0.1875,5.0,3.0,2.5555555555555554,0.0,0.0,1.0,0.9635742743312464,0.96875,,69.64628623796285,,,1.3333333333333333,,,,,,,,,,,,,
no_coordination,6400,1,familiarity,0,0,0,0,0,0.0,0.0,0.0,0.0,0.0,0.0,,0,0,0.0,,,,0.0,0.0,,,,,,,,,,,,,,,,,,,,,
no_coordination,6400,1,social,0,0,0,0,0,0.0,0.0,0.0,0.0,0.0,0.0,,0,0,0.0,,,,0.0,0.0,,,,,,,,,,,,,,,,,,,,,
no_coordination,6400,4,familiarity,2,1,2,0,1,1.0,1.0,1.0,1.0,0.0,0.0,,2,1,1.0,1.0,1.0,1.0,0.0,0.0,,,1.0,,112.24954205185792,,,1.0,,,,,,,,,,,,,
no_coordination,6400,4,social,0,0,0,0,0,0.0,0.0,0.0,0.0,0.0,0.0,,0,0,0.0,,,,0.0,0.0,,,,,,,,,,,,,,,,,,,,,
no_coordination,6400,8,familiarity,18,9,18,0,9,0.058823529411764705,1.0,1.0,1.0,0.0,0.0,,2,1,0.1111111111111111,1.0,1.0,1.0,0.0,0.0,1.0,1.0,1.0,,64.8767900659537,,,1.0,,,,,,,,,,,,,
no_coordination,6400,8,social,0,0,0,0,0,0.0,0.0,0.0,0.0,0.0,0.0,,0,0,0.0,,,,0.0,0.0,,,,,,,,,,,,,,,,,,,,,
no_coordination,6400,13,familiarity,63,39,63,0,24,0.019969278033794162,1.2380952380952381,1.2380952380952381,1.2380952380952381,0.0,0.0,-0.4111842105263171,4,3,0.06349206349206349,2.0,1.0,1.5,0.0,0.0,1.0,0.9446022727272727,0.9487179487179487,,72.30035972207624,,,1.2380952380952381,10845.0,239.0,39.0,10.0,0.0,0.0,0.0035961272475795295,0.0,239.0,2.0,278.0,6107.0,2.0
no_coordination,6400,13,social,0,0,0,0,0,0.0,0.0,0.0,0.0,0.0,0.0,,0,0,0.0,,,,0.0,0.0,,,,,,,,,,,,,,,,,,,,,
no_coordination,6400,26,familiarity,191,156,191,0,47,0.008597409754753376,1.6335078534031413,1.6335078534031413,1.6335078534031413,0.041311393667414605,0.125,-0.09431643625192022,13,19,0.06806282722513089,4.0,2.0,2.141025641025641,0.16080586080586082,0.2903225806451613,1.0,0.9660611334711193,0.967948717948718,,75.41375502461804,,,1.6335078534031413,21089.0,749.0,156.0,43.0,4.0,0.0,0.007397221300203898,0.00018967234103086918,749.0,18.0,901.0,7594.0,5.0
no_coordination,6400,26,social,8,4,8,0,4,0.14285714285714285,1.0,1.0,1.0,0.0,0.0,,2,1,0.25,1.0,1.0,1.0,0.0,0.0,1.0,1.0,1.0,,76.064130316317,,,1.0,,,,,,,,,,,,,
no_coordination,6400,39,familiarity,334,338,334,0,48,0.0060779342216467965,2.0239520958083834,2.0239520958083834,2.0239520958083834,0.10057113545137497,0.1422680412371134,-0.21527651697041994,27,40,0.08083832335329341,4.0,3.0,2.4358974358974357,0.19257902591235926,0.24434389140271492,1.0,0.9499572026742544,0.9526627218934911,-0.004457652303122317,79.04910271669925,,1.0,2.0332326283987916,,,,,,,,,,,,,
no_coordination,6400,39,social,32,21,32,0,12,0.04233870967741935,1.3125,1.3125,1.3125,0.09375,0.2727272727272727,0.02890173410404621,5,4,0.15625,3.0,2.0,1.8,0.0,0.0,1.0000000000000002,1.0,1.0,,60.50357386601503,,,1.3125,,,,,,,,,,,,,
no_coordination,6400,52,familiarity,494,587,494,0,44,0.004820523770027347,2.376518218623482,2.376518218623482,2.376518218623482,0.13601735514095598,0.17956391620350576,-0.21913594926674565,60,77,0.1214574898785425,9.0,5.0,4.390960451977401,0.15563695563695565,0.2112676056338028,1.0,0.9354859390670007,0.938671209540034,-0.0068610634648331665,74.97963761983851,,1.0,2.39917695473251,40999.0,2205.0,587.0,153.0,51.0,0.0,0.014317422376155516,0.0012439327788482646,2205.0,72.0,2741.0,8755.0,36.0
no_coordination,6400,52,social,68,51,68,0,19,0.022388059701492536,1.5,1.5,1.5,0.04411764705882353,0.10526315789473684,-0.2827838827838831,8,7,0.11764705882352941,3.0,2.0,2.0714285714285716,0.0,0.0,1.0000000000000002,1.0,1.0,,68.624393779214,,,1.5,,,,,,,,,,,,,
no_coordination,6401,1,familiarity,0,0,0,0,0,0.0,0.0,0.0,0.0,0.0,0.0,,0,0,0.0,,,,0.0,0.0,,,,,,,,,,,,,,,,,,,,,
no_coordination,6401,1,social,0,0,0,0,0,0.0,0.0,0.0,0.0,0.0,0.0,,0,0,0.0,,,,0.0,0.0,,,,,,,,,,,,,,,,,,,,,
no_coordination,6401,4,familiarity,4,2,4,0,2,0.3333333333333333,1.0,1.0,1.0,0.0,0.0,,2,1,0.5,1.0,1.0,1.0,0.0,0.0,1.0,1.0,1.0,,107.37787935073973,,,1.0,,,,,,,,,,,,,
no_coordination,6401,4,social,0,0,0,0,0,0.0,0.0,0.0,0.0,0.0,0.0,,0,0,0.0,,,,0.0,0.0,,,,,,,,,,,,,,,,,,,,,
no_coordination,6401,8,familiarity,15,9,15,0,6,0.08571428571428572,1.2,1.2,1.2,0.0,0.0,-0.34042553191489366,4,3,0.26666666666666666,2.0,1.0,1.5,0.0,0.0,1.0,1.0,1.0,,76.18522939517781,,,1.2,,,,,,,,,,,,,
no_coordination,6401,8,social,0,0,0,0,0,0.0,0.0,0.0,0.0,0.0,0.0,,0,0,0.0,,,,0.0,0.0,,,,,,,,,,,,,,,,,,,,,
no_coordination,6401,13,familiarity,47,27,47,0,20,0.02497687326549491,1.148936170212766,1.148936170212766,1.148936170212766,0.0,0.0,-0.15879828326180304,4,3,0.0851063829787234,3.0,2.0,1.6666666666666667,0.0,0.0,1.0,0.9592452830188677,0.9629629629629629,,68.12311842138111,,,1.148936170212766,10912.0,252.0,27.0,3.0,1.0,0.0,0.002474340175953079,9.164222873900293e-05,252.0,2.0,278.0,6110.0,1.0
no_coordination,6401,13,social,2,1,2,0,1,1.0,1.0,1.0,1.0,0.0,0.0,,2,1,1.0,1.0,1.0,1.0,0.0,0.0,,,1.0,,0.0,,,1.0,,,,,,,,,,,,,
no_coordination,6401,26,familiarity,177,143,177,0,46,0.009180790960451978,1.615819209039548,1.615819209039548,1.615819209039548,0.03582189938122141,0.14772727272727273,0.016768158150207588,18,18,0.1016949152542373,5.0,3.0,2.6470588235294117,0.024206349206349207,0.05660377358490566,1.0,0.916965793918919,0.9230769230769231,,81.0173354648781,,,1.615819209039548,21430.0,798.0,143.0,30.0,5.0,0.0,0.006672888474101727,0.0002333177788147457,798.0,16.0,936.0,7625.0,11.0
no_coordination,6401,26,social,8,5,8,0,3,0.17857142857142858,1.25,1.25,1.25,0.0,0.0,-0.6666666666666686,3,2,0.375,2.0,1.0,1.3333333333333333,0.0,0.0,1.0,1.0,1.0,,27.304410588171578,,,1.25,,,,,,,,,,,,,
no_coordination,6401,39,familiarity,343,352,343,0,48,0.006001398052955518,2.052478134110787,2.052478134110787,2.052478134110787,0.08957260702673153,0.1407942238267148,-0.15308092056421665,31,41,0.09037900874635568,6.0,3.0,2.9290322580645163,0.06898477866219803,0.12650602409638553,1.0,0.8792489076228416,0.8863636363636364,-0.004279600570603518,82.37041910801409,,1.0,2.0617647058823527,,,,,,,,,,,,,
no_coordination,6401,39,social,24,17,24,0,9,0.06159420289855073,1.4166666666666667,1.4166666666666667,1.4166666666666667,0.16666666666666666,0.46153846153846156,0.25365853658536586,5,5,0.20833333333333334,3.0,2.0,1.6,0.3333333333333333,0.42857142857142855,1.0,1.0,1.0,,51.62210674392675,,,1.4166666666666667,,,,,,,,,,,,,
no_coordination,6401,52,familiarity,512,615,512,0,45,0.004701259784735812,2.40234375,2.40234375,2.40234375,0.11545643096502956,0.14122839279146746,-0.19283973979608932,79,90,0.154296875,16.0,8.0,6.781564427134048,0.0803395619851316,0.0860655737704918,1.0,0.8727418387420149,0.8796747967479674,-0.005723630417016254,80.83283239843868,,1.0,2.4217821782178217,40952.0,2222.0,615.0,164.0,41.0,0.0,0.015017581558898223,0.0010011721039265482,2222.0,76.0,2796.0,8748.0,74.0
no_coordination,6401,52,social,48,41,48,0,14,0.03634751773049645,1.7083333333333333,1.7083333333333333,1.7083333333333333,0.13363095238095238,0.3,-0.04233344682782877,11,14,0.22916666666666666,3.0,2.0,1.9454545454545455,0.33766233766233766,0.25,1.0000000000000002,0.9698418536226557,0.975609756097561,,81.27652911159133,,,1.7083333333333333,,,,,,,,,,,,,
no_coordination,6402,1,familiarity,0,0,0,0,0,0.0,0.0,0.0,0.0,0.0,0.0,,0,0,0.0,,,,0.0,0.0,,,,,,,,,,,,,,,,,,,,,
no_coordination,6402,1,social,0,0,0,0,0,0.0,0.0,0.0,0.0,0.0,0.0,,0,0,0.0,,,,0.0,0.0,,,,,,,,,,,,,,,,,,,,,
no_coordination,6402,4,familiarity,4,2,4,0,2,0.3333333333333333,1.0,1.0,1.0,0.0,0.0,,2,1,0.5,1.0,1.0,1.0,0.0,0.0,1.0,1.0,1.0,,41.60076840642958,,,1.0,,,,,,,,,,,,,
no_coordination,6402,4,social,0,0,0,0,0,0.0,0.0,0.0,0.0,0.0,0.0,,0,0,0.0,,,,0.0,0.0,,,,,,,,,,,,,,,,,,,,,
no_coordination,6402,8,familiarity,21,13,21,0,8,0.06190476190476191,1.2380952380952381,1.2380952380952381,1.2380952380952381,0.0,0.0,-0.26020408163265246,5,4,0.23809523809523808,2.0,1.0,1.6,0.0,0.0,1.0,1.0,1.0,,53.28139474677304,,,1.2380952380952381,,,,,,,,,,,,,
no_coordination,6402,8,social,0,0,0,0,0,0.0,0.0,0.0,0.0,0.0,0.0,,0,0,0.0,,,,0.0,0.0,,,,,,,,,,,,,,,,,,,,,
no_coordination,6402,13,familiarity,46,33,46,0,14,0.03188405797101449,1.434782608695652,1.434782608695652,1.434782608695652,0.02753623188405797,0.1,-0.026666666666667015,10,10,0.21739130434782608,5.0,3.0,2.466666666666667,0.12666666666666665,0.15789473684210525,1.0,1.0,1.0,,70.83661084297135,,,1.434782608695652,10966.0,266.0,33.0,8.0,2.0,0.0,0.0030093014772934524,0.0001823819077147547,266.0,0.0,297.0,5988.0,0.0
no_coordination,6402,13,social,4,2,4,0,2,0.3333333333333333,1.0,1.0,1.0,0.0,0.0,,2,1,0.5,1.0,1.0,1.0,0.0,0.0,1.0,1.0,1.0,,6.7569281439928375,,,1.0,,,,,,,,,,,,,
no_coordination,6402,26,familiarity,182,165,182,0,39,0.010017606702689575,1.8131868131868132,1.8131868131868132,1.8131868131868132,0.09959009244723531,0.18155619596541786,-0.09175668563121903,24,29,0.13186813186813187,8.0,4.0,3.170289855072464,0.25072751322751324,0.19148936170212766,1.0,0.9015160558672556,0.9090909090909091,,82.56758020418792,,,1.8131868131868132,21634.0,810.0,165.0,35.0,5.0,0.0,0.007626883609133771,0.0002311176851252658,810.0,22.0,970.0,7537.0,15.0
no_coordination,6402,26,social,7,5,7,0,3,0.23809523809523808,1.4285714285714286,1.4285714285714286,1.4285714285714286,0.42857142857142855,1.0,1.0000000000000029,3,3,0.42857142857142855,1.0,1.0,1.0,1.0,1.0,1.0,1.0,1.0,,13.207191503838349,,,1.4285714285714286,,,,,,,,,,,,,
no_coordination,6402,39,familiarity,324,350,324,0,50,0.006688835378205863,2.1604938271604937,2.1604938271604937,2.1604938271604937,0.09748219887108776,0.16494845360824742,-0.12448500476672462,38,53,0.11728395061728394,5.0,3.0,2.863442389758179,0.1123499307709834,0.132,1.0,0.9051494660832848,0.9114285714285715,,82.2782693737555,,,2.1604938271604937,,,,,,,,,,,,,
no_coordination,6402,39,social,38,28,38,0,12,0.03982930298719772,1.4736842105263157,1.4736842105263157,1.4736842105263157,0.05263157894736842,0.23076923076923078,0.18385650224215294,7,8,0.18421052631578946,3.0,2.0,1.8095238095238095,0.2857142857142857,0.375,1.0,1.0,1.0,,57.50059172765731,,,1.4736842105263157,,,,,,,,,,,,,
no_coordination,6402,52,familiarity,518,644,518,0,49,0.004809451617962256,2.4864864864864864,2.4864864864864864,2.4864864864864864,0.12637608498953037,0.18712871287128713,-0.1602556040503158,66,75,0.1274131274131274,11.0,6.0,4.787878787878788,0.0501082251082251,0.08955223880597014,1.0,0.8912411289899556,0.8975155279503105,-0.0031152647975056097,82.8212968029605,,1.0,2.498054474708171,41585.0,2353.0,644.0,185.0,52.0,0.0,0.015486353252374654,0.001250450883732115,2353.0,84.0,2945.0,8721.0,66.0
no_coordination,6402,52,social,63,52,63,0,17,0.026625704045058884,1.6507936507936507,1.6507936507936507,1.6507936507936507,0.06402116402116402,0.3157894736842105,0.24363636363636387,12,11,0.19047619047619047,6.0,3.0,2.9696969696969697,0.0,0.0,1.0000000000000002,0.9556313993174061,0.9615384615384616,,65.02396442474134,,,1.6507936507936507,,,,,,,,,,,,,
no_coordination,6403,1,familiarity,0,0,0,0,0,0.0,0.0,0.0,0.0,0.0,0.0,,0,0,0.0,,,,0.0,0.0,,,,,,,,,,,,,,,,,,,,,
no_coordination,6403,1,social,0,0,0,0,0,0.0,0.0,0.0,0.0,0.0,0.0,,0,0,0.0,,,,0.0,0.0,,,,,,,,,,,,,,,,,,,,,
no_coordination,6403,4,familiarity,8,4,8,0,4,0.14285714285714285,1.0,1.0,1.0,0.0,0.0,,2,1,0.25,1.0,1.0,1.0,0.0,0.0,1.0,1.0,1.0,,23.685414419759447,,,1.0,,,,,,,,,,,,,
no_coordination,6403,4,social,0,0,0,0,0,0.0,0.0,0.0,0.0,0.0,0.0,,0,0,0.0,,,,0.0,0.0,,,,,,,,,,,,,,,,,,,,,
no_coordination,6403,8,familiarity,25,16,25,0,9,0.05333333333333334,1.28,1.28,1.28,0.0,0.0,-0.015873015873015872,5,4,0.2,4.0,2.0,2.0,0.0,0.0,1.0,1.0,1.0,,57.718541931186174,,,1.28,,,,,,,,,,,,,
no_coordination,6403,8,social,0,0,0,0,0,0.0,0.0,0.0,0.0,0.0,0.0,,0,0,0.0,,,,0.0,0.0,,,,,,,,,,,,,,,,,,,,,
no_coordination,6403,13,familiarity,56,41,56,0,18,0.026623376623376622,1.4642857142857142,1.4642857142857142,1.4642857142857142,0.0630952380952381,0.14634146341463414,-0.07246376811594196,7,7,0.125,3.0,2.0,1.8095238095238095,0.20476190476190476,0.21428571428571427,1.0,0.9999999999999998,1.0,,69.45763936575702,,,1.4642857142857142,10986.0,245.0,41.0,7.0,1.0,0.0,0.0037320225741853267,9.102494083378845e-05,245.0,8.0,285.0,6093.0,0.0
no_coordination,6403,13,social,2,1,2,0,1,1.0,1.0,1.0,1.0,0.0,0.0,,2,1,1.0,1.0,1.0,1.0,0.0,0.0,,,1.0,,22.713244773401954,,,1.0,,,,,,,,,,,,,
no_coordination,6403,26,familiarity,189,177,189,0,45,0.009962850388382303,1.873015873015873,1.873015873015873,1.873015873015873,0.08943478626018307,0.2814645308924485,0.09951144140150027,19,27,0.10052910052910052,6.0,3.0,2.56140350877193,0.1805764411027569,0.38181818181818183,1.0,0.944344484234431,0.9491525423728814,-0.0028328611898017554,78.32804378004616,,1.0,1.877659574468085,21499.0,850.0,177.0,43.0,13.0,0.0,0.008232941067026373,0.0006046792874087167,850.0,20.0,1014.0,7591.0,9.0
no_coordination,6403,26,social,18,13,18,0,6,0.08496732026143791,1.4444444444444444,1.4444444444444444,1.4444444444444444,0.12962962962962965,0.3333333333333333,-0.04000000000000077,4,4,0.2222222222222222,2.0,1.0,1.3333333333333333,0.5833333333333334,0.6,1.0,1.0,1.0,,47.26928536635486,,,1.4444444444444444,,,,,,,,,,,,,
no_coordination,6403,39,familiarity,367,397,367,0,61,0.005911168684206608,2.1634877384196187,2.1634877384196187,2.1634877384196187,0.10364269396966945,0.25239398084815323,0.03147394566644166,29,55,0.07901907356948229,4.0,2.0,2.2955665024630543,0.35800119420809073,0.3074792243767313,1.0,0.9324694411463526,0.9370277078085643,-0.007066497553905737,81.24324779646736,1.0,1.0,2.186111111111111,,,,,,,,,,,,,
no_coordination,6403,39,social,39,33,39,0,10,0.044534412955465584,1.6923076923076923,1.6923076923076923,1.6923076923076923,0.13675213675213674,0.26666666666666666,-0.26201550387596906,8,7,0.20512820512820512,5.0,3.0,2.5357142857142856,0.0,0.0,1.0,1.0,1.0,,74.91129460313076,,,1.6923076923076923,,,,,,,,,,,,,
no_coordination,6403,52,familiarity,549,682,549,0,59,0.004533790701075612,2.4845173041894353,2.4845173041894353,2.4845173041894353,0.13117839261023886,0.2412488174077578,-0.04147266384011628,74,89,0.13479052823315119,15.0,8.0,5.767493520918179,0.0776071526071526,0.09523809523809523,1.0,0.9144779816712474,0.9193548387096774,-0.007633587786263036,78.72909020326595,1.0,1.0,2.5176908752327747,41643.0,2261.0,682.0,174.0,67.0,0.0,0.01637730230771078,0.0016089138630742262,2261.0,86.0,2876.0,8743.0,55.0
no_coordination,6403,52,social,68,67,68,0,17,0.029411764705882353,1.9705882352941178,1.9705882352941178,1.9705882352941178,0.21295518207282912,0.3904109589041096,-0.014315139031926154,12,16,0.17647058823529413,4.0,2.0,2.106060606060606,0.326984126984127,0.34615384615384615,1.0,0.9825452650775042,0.9850746268656716,,77.71541071886934,,,1.9705882352941178,,,,,,,,,,,,,
no_coordination,6404,1,familiarity,0,0,0,0,0,0.0,0.0,0.0,0.0,0.0,0.0,,0,0,0.0,,,,0.0,0.0,,,,,,,,,,,,,,,,,,,,,
no_coordination,6404,1,social,0,0,0,0,0,0.0,0.0,0.0,0.0,0.0,0.0,,0,0,0.0,,,,0.0,0.0,,,,,,,,,,,,,,,,,,,,,
no_coordination,6404,4,familiarity,4,2,4,0,2,0.3333333333333333,1.0,1.0,1.0,0.0,0.0,,2,1,0.5,1.0,1.0,1.0,0.0,0.0,1.0,1.0,1.0,,97.7763573154367,,,1.0,,,,,,,,,,,,,
no_coordination,6404,4,social,0,0,0,0,0,0.0,0.0,0.0,0.0,0.0,0.0,,0,0,0.0,,,,0.0,0.0,,,,,,,,,,,,,,,,,,,,,
no_coordination,6404,8,familiarity,13,7,13,0,6,0.08974358974358974,1.0769230769230769,1.0769230769230769,1.0769230769230769,0.0,0.0,-0.16666666666666768,3,2,0.23076923076923078,2.0,1.0,1.3333333333333333,0.0,0.0,1.0,0.8313253012048195,0.8571428571428571,,65.72736641946639,,,1.0769230769230769,,,,,,,,,,,,,
no_coordination,6404,8,social,0,0,0,0,0,0.0,0.0,0.0,0.0,0.0,0.0,,0,0,0.0,,,,0.0,0.0,,,,,,,,,,,,,,,,,,,,,
no_coordination,6404,13,familiarity,48,28,48,0,20,0.024822695035460994,1.1666666666666667,1.1666666666666667,1.1666666666666667,0.0,0.0,-0.07074569789674945,6,5,0.125,3.0,2.0,1.8666666666666667,0.0,0.0,1.0,0.9213483146067416,0.9285714285714286,,70.82886869169964,,,1.1666666666666667,11365.0,275.0,28.0,4.0,1.0,0.0,0.0024637043554773426,8.798944126704795e-05,275.0,2.0,302.0,6135.0,2.0
no_coordination,6404,13,social,2,1,2,0,1,1.0,1.0,1.0,1.0,0.0,0.0,,2,1,1.0,1.0,1.0,1.0,0.0,0.0,,,1.0,,113.98772295680985,,,1.0,,,,,,,,,,,,,
no_coordination,6404,26,familiarity,190,158,190,0,50,0.008799777220829853,1.6631578947368422,1.6631578947368422,1.6631578947368422,0.07095238095238095,0.18442622950819673,-0.003825370499170944,15,16,0.07894736842105263,6.0,3.0,2.857142857142857,0.09206349206349206,0.15384615384615385,1.0,0.8724669697098434,0.879746835443038,-0.003174603174610102,71.57829757856237,,1.0,1.6666666666666667,22217.0,845.0,158.0,35.0,7.0,0.0,0.007111671242742044,0.000315074042399964,845.0,16.0,996.0,7623.0,19.0
no_coordination,6404,26,social,11,7,11,0,4,0.12727272727272726,1.2727272727272727,1.2727272727272727,1.2727272727272727,0.0,0.0,-0.4000000000000004,5,4,0.45454545454545453,2.0,1.0,1.6,0.0,0.0,1.0,1.0,1.0,,89.93949986375105,,,1.2727272727272727,,,,,,,,,,,,,
no_coordination,6404,39,familiarity,378,378,378,0,58,0.005305039787798408,2.0,2.0,2.0,0.08813903615490917,0.1416184971098266,-0.16608643053968675,34,38,0.08994708994708994,9.0,5.0,3.839572192513369,0.06862745098039215,0.10619469026548672,0.9999999999999999,0.8830626450116009,0.8888888888888888,-0.0039840637450127584,76.6509242767215,,1.0,2.008,,,,,,,,,,,,,
no_coordination,6404,39,social,35,22,35,0,13,0.03697478991596639,1.2571428571428571,1.2571428571428571,1.2571428571428571,0.0,0.0,-0.18120805369127477,6,5,0.17142857142857143,3.0,2.0,1.8666666666666667,0.0,0.0,1.0,0.897196261682243,0.9090909090909091,,60.765591559936226,,,1.2571428571428571,,,,,,,,,,,,,
no_coordination,6404,52,familiarity,558,659,558,0,50,0.004240587376048081,2.3620071684587813,2.3620071684587813,2.3620071684587813,0.10368092358130308,0.12968630451415455,-0.254108112363231,54,68,0.0967741935483871,11.0,6.0,4.185185185185185,0.09500293944738389,0.13636363636363635,1.0000000000000002,0.8852613226094294,0.8907435508345979,-0.007645259938838777,78.00280024819143,,1.0,2.386861313868613,42509.0,2407.0,659.0,167.0,47.0,0.0,0.015502599449528335,0.0011056482156719754,2407.0,96.0,3019.0,8744.0,72.0
no_coordination,6404,52,social,66,47,66,0,20,0.02191142191142191,1.4242424242424243,1.4242424242424243,1.4242424242424243,0.032828282828282825,0.08108108108108109,-0.14992191566892235,7,6,0.10606060606060606,4.0,2.0,2.0952380952380953,0.0,0.0,1.0000000000000004,0.8851136641407971,0.8936170212765957,,65.29146254487397,,,1.4242424242424243,,,,,,,,,,,,,
no_coordination,6405,1,familiarity,0,0,0,0,0,0.0,0.0,0.0,0.0,0.0,0.0,,0,0,0.0,,,,0.0,0.0,,,,,,,,,,,,,,,,,,,,,
no_coordination,6405,1,social,0,0,0,0,0,0.0,0.0,0.0,0.0,0.0,0.0,,0,0,0.0,,,,0.0,0.0,,,,,,,,,,,,,,,,,,,,,
no_coordination,6405,4,familiarity,2,1,2,0,1,1.0,1.0,1.0,1.0,0.0,0.0,,2,1,1.0,1.0,1.0,1.0,0.0,0.0,,,1.0,,87.62096833425647,,,1.0,,,,,,,,,,,,,
no_coordination,6405,4,social,0,0,0,0,0,0.0,0.0,0.0,0.0,0.0,0.0,,0,0,0.0,,,,0.0,0.0,,,,,,,,,,,,,,,,,,,,,
no_coordination,6405,8,familiarity,24,14,24,0,10,0.050724637681159424,1.1666666666666667,1.1666666666666667,1.1666666666666667,0.0,0.0,-0.28735632183908216,4,3,0.16666666666666666,2.0,1.0,1.5,0.0,0.0,1.0,1.0,1.0,-0.03703703703703835,102.62029614837391,,1.0,1.173913043478261,,,,,,,,,,,,,
no_coordination,6405,8,social,2,1,2,0,1,1.0,1.0,1.0,1.0,0.0,0.0,,2,1,1.0,1.0,1.0,1.0,0.0,0.0,,,1.0,,87.62096833425647,,,1.0,,,,,,,,,,,,,
no_coordination,6405,13,familiarity,60,44,60,0,20,0.024858757062146894,1.4666666666666666,1.4666666666666666,1.4666666666666666,0.030555555555555555,0.1836734693877551,0.04549563121422142,8,11,0.13333333333333333,4.0,2.0,1.9285714285714286,0.22916666666666666,0.36,0.9999999999999999,0.9487179487179487,0.9545454545454546,-0.02325581395349023,85.11353944597039,,1.0,1.4827586206896552,11011.0,293.0,44.0,9.0,3.0,0.0,0.003996003996003996,0.0002724548179093634,293.0,4.0,334.0,6163.0,2.0
no_coordination,6405,13,social,5,3,5,0,2,0.3,1.2,1.2,1.2,0.0,0.0,-0.4999999999999998,3,2,0.6,2.0,1.0,1.3333333333333333,0.0,0.0,1.0,1.0,1.0,,115.65305005978011,,,1.2,,,,,,,,,,,,,
no_coordination,6405,26,familiarity,205,190,205,0,40,0.009086561453849833,1.853658536585366,1.853658536585366,1.853658536585366,0.071165663604688,0.19908466819221968,-0.04505585126321336,20,31,0.0975609756097561,5.0,3.0,2.4,0.24004329004329006,0.38,0.9999999999999999,0.9433224950034306,0.9473684210526315,-0.0052910052909954175,84.53522419406596,,1.0,1.8620689655172413,21468.0,843.0,190.0,47.0,16.0,0.0,0.008850381963853177,0.0007452953232718465,843.0,32.0,1017.0,7652.0,10.0
no_coordination,6405,26,social,24,16,24,0,9,0.057971014492753624,1.3333333333333333,1.3333333333333333,1.3333333333333333,0.09027777777777778,0.2727272727272727,-0.03643724696356275,5,5,0.20833333333333334,2.0,1.0,1.5,0.4333333333333333,0.375,1.0,1.0,1.0,,71.88461714785355,,,1.3333333333333333,,,,,,,,,,,,,
no_coordination,6405,39,familiarity,372,424,372,0,45,0.006144393241167435,2.2795698924731185,2.2795698924731185,2.2795698924731185,0.12030407658965533,0.20417910447761195,-0.10714398520438874,33,66,0.08870967741935484,5.0,3.0,2.3617424242424243,0.3270274387921447,0.328125,0.9999999999999999,0.9367947169923826,0.9410377358490566,-0.008323424494647074,87.22845241181979,,1.0,2.304109589041096,,,,,,,,,,,,,
no_coordination,6405,39,social,47,41,47,0,14,0.037927844588344126,1.7446808510638299,1.7446808510638299,1.7446808510638299,0.1900709219858156,0.45454545454545453,0.2225268448709161,8,13,0.1702127659574468,3.0,2.0,1.6071428571428572,0.5541666666666667,0.5853658536585366,1.0,1.0,1.0,,71.25502443222646,,,1.7446808510638299,,,,,,,,,,,,,
no_coordination,6405,52,familiarity,532,720,532,0,39,0.005097489486427935,2.706766917293233,2.706766917293233,2.706766917293233,0.1799948109891261,0.2036336109008327,-0.22765555752573935,49,54,0.09210526315789473,10.0,5.0,4.3520408163265305,0.06271460965338517,0.02857142857142857,1.0,0.9350715227756922,0.9388888888888889,-0.009110021023121459,88.68689375619546,,1.0833333333333333,2.7442307692307693,40849.0,2318.0,720.0,205.0,72.0,0.0,0.017625890474675023,0.0017625890474675023,2318.0,106.0,2966.0,8751.0,44.0
no_coordination,6405,52,social,79,72,79,0,19,0.023369036027263874,1.8227848101265822,1.8227848101265822,1.8227848101265822,0.17142857142857143,0.3,-0.07809397749834568,11,17,0.13924050632911392,3.0,2.0,1.8363636363636364,0.4437229437229437,0.421875,1.0,0.9844307492701913,0.9861111111111112,,75.44231446905627,,,1.8227848101265822,,,,,,,,,,,,,
no_coordination,6406,1,familiarity,0,0,0,0,0,0.0,0.0,0.0,0.0,0.0,0.0,,0,0,0.0,,,,0.0,0.0,,,,,,,,,,,,,,,,,,,,,
no_coordination,6406,1,social,0,0,0,0,0,0.0,0.0,0.0,0.0,0.0,0.0,,0,0,0.0,,,,0.0,0.0,,,,,,,,,,,,,,,,,,,,,
no_coordination,6406,4,familiarity,2,1,2,0,1,1.0,1.0,1.0,1.0,0.0,0.0,,2,1,1.0,1.0,1.0,1.0,0.0,0.0,,,1.0,,43.103884149116084,,,1.0,,,,,,,,,,,,,
no_coordination,6406,4,social,0,0,0,0,0,0.0,0.0,0.0,0.0,0.0,0.0,,0,0,0.0,,,,0.0,0.0,,,,,,,,,,,,,,,,,,,,,
no_coordination,6406,8,familiarity,8,4,8,0,4,0.14285714285714285,1.0,1.0,1.0,0.0,0.0,,2,1,0.25,1.0,1.0,1.0,0.0,0.0,1.0,1.0,1.0,,78.69479532784413,,,1.0,,,,,,,,,,,,,
no_coordination,6406,8,social,0,0,0,0,0,0.0,0.0,0.0,0.0,0.0,0.0,,0,0,0.0,,,,0.0,0.0,,,,,,,,,,,,,,,,,,,,,
no_coordination,6406,13,familiarity,39,23,39,0,16,0.0310391363022942,1.1794871794871795,1.1794871794871795,1.1794871794871795,0.0,0.0,0.02645502645502633,5,4,0.1282051282051282,3.0,2.0,1.8,0.0,0.0,1.0,0.9039665970772442,0.9130434782608695,,83.36885041830222,,,1.1794871794871795,10717.0,231.0,23.0,4.0,0.0,0.0,0.0021461229821778485,0.0,231.0,4.0,254.0,6046.0,2.0
no_coordination,6406,13,social,0,0,0,0,0,0.0,0.0,0.0,0.0,0.0,0.0,,0,0,0.0,,,,0.0,0.0,,,,,,,,,,,,,,,,,,,,,
no_coordination,6406,26,familiarity,162,143,162,0,38,0.010965416762518212,1.7654320987654322,1.7654320987654322,1.7654320987654322,0.09725123984383244,0.16831683168316833,-0.05052360181538857,19,28,0.11728395061728394,4.0,2.0,2.146198830409357,0.2935222672064777,0.20300751879699247,1.0,0.9162161442381955,0.9230769230769231,,81.84445382251434,,,1.7654320987654322,20759.0,764.0,143.0,33.0,5.0,0.0,0.006888578447902115,0.00024085938629028373,764.0,14.0,902.0,7534.0,11.0
no_coordination,6406,26,social,9,5,9,0,4,0.1388888888888889,1.1111111111111112,1.1111111111111112,1.1111111111111112,0.0,0.0,-0.2500000000000021,3,2,0.3333333333333333,2.0,1.0,1.3333333333333333,0.0,0.0,1.0,1.0,1.0,,46.30441112631104,,,1.1111111111111112,,,,,,,,,,,,,
no_coordination,6406,39,familiarity,325,331,325,0,54,0.006286799620132954,2.036923076923077,2.036923076923077,2.036923076923077,0.10023746339130954,0.18906394810009267,-0.09939611386532386,28,28,0.08615384615384615,7.0,4.0,3.753968253968254,0.03979591836734694,0.03488372093023256,1.0,0.9419708295794882,0.945619335347432,-0.0030303030303140883,85.21784723658259,,1.0,2.043343653250774,,,,,,,,,,,,,
no_coordination,6406,39,social,26,24,26,0,7,0.07384615384615385,1.8461538461538463,1.8461538461538463,1.8461538461538463,0.39743589743589747,0.5172413793103449,0.23658051689860818,7,9,0.2692307692307692,3.0,2.0,1.7619047619047619,0.619047619047619,0.5,1.0,1.0,1.0,,60.114880104929625,,,1.8461538461538463,,,,,,,,,,,,,
no_coordination,6406,52,familiarity,470,567,470,0,44,0.005144490314385519,2.4127659574468083,2.4127659574468083,2.4127659574468083,0.13649675279525092,0.19900497512437812,-0.17154284391517377,44,60,0.09361702127659574,10.0,5.0,4.1723044397463,0.22505411255411253,0.20388349514563106,0.9999999999999999,0.9309512916805179,0.9347442680776014,-0.007104795737118786,83.00639235842435,,1.0,2.4372294372294374,39973.0,2082.0,567.0,150.0,52.0,0.0,0.014184574587846797,0.001300878092712581,2082.0,84.0,2597.0,8713.0,37.0
no_coordination,6406,52,social,55,52,55,0,14,0.035016835016835016,1.8909090909090909,1.8909090909090909,1.8909090909090909,0.28545454545454546,0.39759036144578314,0.03213345039508361,10,14,0.18181818181818182,5.0,3.0,2.2,0.4333333333333333,0.40540540540540543,1.0,1.0,1.0,,71.54624639793965,,,1.8909090909090909,,,,,,,,,,,,,
no_coordination,6407,1,familiarity,0,0,0,0,0,0.0,0.0,0.0,0.0,0.0,0.0,,0,0,0.0,,,,0.0,0.0,,,,,,,,,,,,,,,,,,,,,
no_coordination,6407,1,social,0,0,0,0,0,0.0,0.0,0.0,0.0,0.0,0.0,,0,0,0.0,,,,0.0,0.0,,,,,,,,,,,,,,,,,,,,,
no_coordination,6407,4,familiarity,6,3,6,0,3,0.2,1.0,1.0,1.0,0.0,0.0,,2,1,0.3333333333333333,1.0,1.0,1.0,0.0,0.0,1.0,1.0,1.0,,129.9180186728672,,,1.0,,,,,,,,,,,,,
no_coordination,6407,4,social,0,0,0,0,0,0.0,0.0,0.0,0.0,0.0,0.0,,0,0,0.0,,,,0.0,0.0,,,,,,,,,,,,,,,,,,,,,
no_coordination,6407,8,familiarity,18,10,18,0,8,0.06535947712418301,1.1111111111111112,1.1111111111111112,1.1111111111111112,0.0,0.0,-0.2500000000000021,3,2,0.16666666666666666,2.0,1.0,1.3333333333333333,0.0,0.0,1.0000000000000002,1.0,1.0,,87.97560217860196,,,1.1111111111111112,,,,,,,,,,,,,
no_coordination,6407,8,social,0,0,0,0,0,0.0,0.0,0.0,0.0,0.0,0.0,,0,0,0.0,,,,0.0,0.0,,,,,,,,,,,,,,,,,,,,,
no_coordination,6407,13,familiarity,54,34,54,0,20,0.023759608665269043,1.2592592592592593,1.2592592592592593,1.2592592592592593,0.0,0.0,-0.31300813008130146,5,4,0.09259259259259259,3.0,2.0,1.8,0.0,0.0,1.0,0.9035460992907802,0.9117647058823529,,82.70798752329371,,,1.2592592592592593,11015.0,242.0,34.0,7.0,1.0,0.0,0.0030866999546073537,9.078529278256922e-05,242.0,0.0,275.0,6099.0,3.0
no_coordination,6407,13,social,2,1,2,0,1,1.0,1.0,1.0,1.0,0.0,0.0,,2,1,1.0,1.0,1.0,1.0,0.0,0.0,,,1.0,,80.45536169208003,,,1.0,,,,,,,,,,,,,
no_coordination,6407,26,familiarity,156,119,156,0,44,0.009842845326716294,1.5256410256410255,1.5256410256410255,1.5256410256410255,0.050946275946275946,0.12162162162162163,-0.1071522968758258,15,15,0.09615384615384616,6.0,3.0,2.8380952380952382,0.04761904761904761,0.08823529411764706,1.0000000000000002,0.8923807370562965,0.8991596638655462,,71.79354746581657,,,1.5256410256410255,21184.0,814.0,119.0,25.0,6.0,0.0,0.005617447129909366,0.00028323262839879157,814.0,12.0,927.0,7527.0,12.0
no_coordination,6407,26,social,11,6,11,0,5,0.10909090909090909,1.0909090909090908,1.0909090909090908,1.0909090909090908,0.0,0.0,-0.2000000000000022,3,2,0.2727272727272727,2.0,1.0,1.3333333333333333,0.0,0.0,0.9999999999999999,0.9999999999999999,1.0,,71.89722002640052,,,1.0909090909090908,,,,,,,,,,,,,
no_coordination,6407,39,familiarity,306,318,306,0,40,0.006814529090324655,2.0784313725490198,2.0784313725490198,2.0784313725490198,0.0792823008509283,0.1510574018126888,-0.12119076629235682,32,36,0.10457516339869281,6.0,4.0,3.1653225806451615,0.029712301587301586,0.07317073170731707,1.0,0.8822820154841985,0.889937106918239,-0.00792393026941443,78.92529686185264,,1.0,2.096345514950166,,,,,,,,,,,,,
no_coordination,6407,39,social,28,18,28,0,10,0.047619047619047616,1.2857142857142858,1.2857142857142858,1.2857142857142858,0.0,0.0,-0.10526315789473745,7,6,0.25,4.0,2.0,2.0952380952380953,0.0,0.0,1.0,1.0,1.0,,74.83519318842174,,,1.2857142857142858,,,,,,,,,,,,,
no_coordination,6407,52,familiarity,480,591,480,0,43,0.0051409185803757826,2.4625,2.4625,2.4625,0.13626939520031625,0.18206106870229008,-0.15058688759832461,53,76,0.11041666666666666,6.0,4.0,3.1132075471698113,0.14110732035260337,0.14742014742014742,1.0,0.8795616441689429,0.8866328257191202,-0.005102040816322549,78.18093208958399,,1.0,2.481012658227848,40578.0,2313.0,591.0,174.0,33.0,0.0,0.01456454236285672,0.0008132485583321012,2313.0,78.0,2871.0,8717.0,67.0
no_coordination,6407,52,social,47,33,47,0,15,0.030527289546716005,1.4042553191489362,1.4042553191489362,1.4042553191489362,0.04397163120567376,0.07894736842105263,-0.13682157946051332,11,11,0.23404255319148937,3.0,2.0,2.1636363636363636,0.1878787878787879,0.1111111111111111,0.9999999999999999,0.9999999999999999,1.0,,78.79346777680222,,,1.4042553191489362,,,,,,,,,,,,,
no_coordination,6408,1,familiarity,0,0,0,0,0,0.0,0.0,0.0,0.0,0.0,0.0,,0,0,0.0,,,,0.0,0.0,,,,,,,,,,,,,,,,,,,,,
no_coordination,6408,1,social,0,0,0,0,0,0.0,0.0,0.0,0.0,0.0,0.0,,0,0,0.0,,,,0.0,0.0,,,,,,,,,,,,,,,,,,,,,
no_coordination,6408,4,familiarity,4,2,4,0,2,0.3333333333333333,1.0,1.0,1.0,0.0,0.0,,2,1,0.5,1.0,1.0,1.0,0.0,0.0,1.0,1.0,1.0,,56.14668687625978,,,1.0,,,,,,,,,,,,,
no_coordination,6408,4,social,0,0,0,0,0,0.0,0.0,0.0,0.0,0.0,0.0,,0,0,0.0,,,,0.0,0.0,,,,,,,,,,,,,,,,,,,,,
no_coordination,6408,8,familiarity,20,11,20,0,9,0.05789473684210526,1.1,1.1,1.1,0.0,0.0,-0.2222222222222209,3,2,0.15,2.0,1.0,1.3333333333333333,0.0,0.0,1.0,1.0,1.0,,63.015742774681186,,,1.1,,,,,,,,,,,,,
no_coordination,6408,8,social,0,0,0,0,0,0.0,0.0,0.0,0.0,0.0,0.0,,0,0,0.0,,,,0.0,0.0,,,,,,,,,,,,,,,,,,,,,
no_coordination,6408,13,familiarity,68,42,68,0,26,0.018437225636523266,1.2352941176470589,1.2352941176470589,1.2352941176470589,0.0,0.0,-0.183868169991327,6,5,0.08823529411764706,3.0,2.0,1.8666666666666667,0.0,0.0,1.0,0.9741776821395636,0.9761904761904762,,73.75032652873271,,,1.2352941176470589,11176.0,294.0,42.0,12.0,1.0,0.0,0.0037580529706513956,8.947745168217609e-05,294.0,4.0,335.0,6104.0,1.0
no_coordination,6408,13,social,2,1,2,0,1,1.0,1.0,1.0,1.0,0.0,0.0,,2,1,1.0,1.0,1.0,1.0,0.0,0.0,,,1.0,,43.1702152696942,,,1.0,,,,,,,,,,,,,
no_coordination,6408,26,familiarity,210,180,210,0,44,0.008202323991797676,1.7142857142857142,1.7142857142857142,1.7142857142857142,0.04404040404040404,0.0949367088607595,-0.11035677497893052,20,20,0.09523809523809523,4.0,2.0,2.463157894736842,0.05575757575757576,0.036585365853658534,0.9999999999999999,0.92929044930027,0.9333333333333333,-0.005586592178777461,79.04639176873413,,1.0,1.7211538461538463,21867.0,891.0,180.0,59.0,11.0,0.0,0.00823158183564275,0.000503041112178168,891.0,36.0,1060.0,7614.0,12.0
no_coordination,6408,26,social,19,11,19,0,8,0.06432748538011696,1.1578947368421053,1.1578947368421053,1.1578947368421053,0.0,0.0,-0.2622950819672133,4,3,0.21052631578947367,2.0,1.0,1.5,0.0,0.0,1.0,1.0,1.0,,57.88814820685659,,,1.1578947368421053,,,,,,,,,,,,,
no_coordination,6408,39,familiarity,381,435,381,0,42,0.0060091172813924575,2.283464566929134,2.283464566929134,2.283464566929134,0.11751581751581752,0.1518987341772152,-0.19281413412296247,39,56,0.10236220472440945,7.0,4.0,3.5668016194331984,0.0742979242979243,0.125,1.0,0.9223634528185077,0.9264367816091954,-0.00694444444444467,79.1442242115457,,1.0,2.304,,,,,,,,,,,,,
no_coordination,6408,39,social,52,38,52,0,17,0.02865761689291101,1.4615384615384615,1.4615384615384615,1.4615384615384615,0.14423076923076922,0.28125,-0.05555555555555488,8,8,0.15384615384615385,4.0,2.0,2.142857142857143,0.1875,0.23076923076923078,1.0,0.9708029197080293,0.9736842105263158,,54.1528190437593,,,1.4615384615384615,,,,,,,,,,,,,
no_coordination,6408,52,familiarity,571,773,571,0,40,0.004750053768396473,2.7075306479859895,2.7075306479859895,2.7075306479859895,0.14983322577741218,0.1895994028365265,-0.22374903780852462,85,107,0.14886164623467601,10.0,5.0,4.794677871148459,0.08983480571715866,0.14587737843551796,0.9999999999999999,0.9086522901305282,0.9133247089262613,-0.005855562784647192,82.2980822531335,,1.0,2.7348754448398576,42010.0,2491.0,773.0,203.0,73.0,0.0,0.018400380861699595,0.0017376815044037135,2491.0,88.0,3191.0,8731.0,67.0
no_coordination,6408,52,social,81,73,81,0,19,0.022530864197530864,1.8024691358024691,1.8024691358024691,1.8024691358024691,0.1683127572016461,0.30275229357798167,-0.01832603938730841,10,13,0.12345679012345678,4.0,2.0,1.9777777777777779,0.3466666666666667,0.3157894736842105,1.0000000000000002,0.9550077041602464,0.958904109589041,,62.384920142676265,,,1.8024691358024691,,,,,,,,,,,,,
no_coordination,6409,1,familiarity,0,0,0,0,0,0.0,0.0,0.0,0.0,0.0,0.0,,0,0,0.0,,,,0.0,0.0,,,,,,,,,,,,,,,,,,,,,
no_coordination,6409,1,social,0,0,0,0,0,0.0,0.0,0.0,0.0,0.0,0.0,,0,0,0.0,,,,0.0,0.0,,,,,,,,,,,,,,,,,,,,,
no_coordination,6409,4,familiarity,2,1,2,0,1,1.0,1.0,1.0,1.0,0.0,0.0,,2,1,1.0,1.0,1.0,1.0,0.0,0.0,,,1.0,,126.16690341866095,,,1.0,,,,,,,,,,,,,
no_coordination,6409,4,social,0,0,0,0,0,0.0,0.0,0.0,0.0,0.0,0.0,,0,0,0.0,,,,0.0,0.0,,,,,,,,,,,,,,,,,,,,,
no_coordination,6409,8,familiarity,22,12,22,0,10,0.05194805194805195,1.0909090909090908,1.0909090909090908,1.0909090909090908,0.0,0.0,-0.2000000000000022,3,2,0.13636363636363635,2.0,1.0,1.3333333333333333,0.0,0.0,1.0,0.9043824701195219,0.9166666666666666,,94.96254871411196,,,1.0909090909090908,,,,,,,,,,,,,
no_coordination,6409,8,social,0,0,0,0,0,0.0,0.0,0.0,0.0,0.0,0.0,,0,0,0.0,,,,0.0,0.0,,,,,,,,,,,,,,,,,,,,,
no_coordination,6409,13,familiarity,49,33,49,0,18,0.02806122448979592,1.346938775510204,1.346938775510204,1.346938775510204,0.04489795918367347,0.2222222222222222,0.18992248062015515,8,9,0.16326530612244897,4.0,2.0,2.0,0.275,0.3333333333333333,1.0,0.8960629921259844,0.9090909090909091,,83.08173106714614,,,1.346938775510204,11103.0,261.0,33.0,7.0,0.0,0.0,0.0029721696838692245,0.0,261.0,4.0,294.0,6144.0,3.0
no_coordination,6409,13,social,0,0,0,0,0,0.0,0.0,0.0,0.0,0.0,0.0,,0,0,0.0,,,,0.0,0.0,,,,,,,,,,,,,,,,,,,,,
no_coordination,6409,26,familiarity,157,136,157,0,38,0.01110566715662257,1.732484076433121,1.732484076433121,1.732484076433121,0.07750985744616318,0.16666666666666666,-0.08097826086956568,17,25,0.10828025477707007,4.0,3.0,2.1911764705882355,0.2728758169934641,0.23529411764705882,1.0,0.9110397526239111,0.9191176470588235,-0.007407407407412816,79.7182623188991,,1.0,1.7419354838709677,21681.0,790.0,136.0,34.0,7.0,0.0,0.006272773396061067,0.0003228633365619667,790.0,20.0,919.0,7628.0,11.0
no_coordination,6409,26,social,13,7,13,0,6,0.08974358974358974,1.0769230769230769,1.0769230769230769,1.0769230769230769,0.0,0.0,-0.16666666666666768,3,2,0.23076923076923078,2.0,1.0,1.3333333333333333,0.0,0.0,1.0,1.0,1.0,,38.089132754807125,,,1.0769230769230769,,,,,,,,,,,,,
no_coordination,6409,39,familiarity,303,323,303,0,51,0.007059646361987192,2.132013201320132,2.132013201320132,2.132013201320132,0.11138572648473638,0.24632670700086431,0.01295500767857891,26,51,0.0858085808580858,5.0,3.0,2.3384615384615386,0.3168901611209304,0.3573667711598746,1.0,0.9195495939599929,0.9256965944272446,-0.004665629860031646,77.35886359606761,,1.0,2.1433333333333335,,,,,,,,,,,,,
no_coordination,6409,39,social,33,25,33,0,10,0.04734848484848485,1.5151515151515151,1.5151515151515151,1.5151515151515151,0.1111111111111111,0.23076923076923078,-0.09511889862327909,7,7,0.21212121212121213,3.0,2.0,1.9523809523809523,0.3095238095238095,0.2727272727272727,1.0,1.0,1.0,,66.32614413386847,,,1.5151515151515151,,,,,,,,,,,,,
no_coordination,6409,52,familiarity,452,565,452,0,41,0.005543237250554324,2.5,2.5,2.5,0.12777606230389182,0.23153618906942394,-0.0793792078397215,88,98,0.19469026548672566,13.0,7.0,5.943573667711599,0.05454545454545454,0.0743801652892562,1.0,0.9127600582718502,0.9185840707964602,-0.007130124777182179,77.46346776316291,,1.0,2.527027027027027,41956.0,2254.0,565.0,157.0,54.0,0.0,0.013466488702450185,0.0012870626370483365,2254.0,98.0,2765.0,8813.0,46.0
no_coordination,6409,52,social,57,54,57,0,13,0.03383458646616541,1.894736842105263,1.894736842105263,1.894736842105263,0.09181286549707603,0.2755102040816326,0.038664812239221524,10,13,0.17543859649122806,4.0,2.0,2.1777777777777776,0.20666666666666664,0.375,1.0,0.9780621572212065,0.9814814814814815,,72.06238141426613,,,1.894736842105263,,,,,,,,,,,,,
